-4.690470154786621606e+02
6.736906991396675039e+03
-5.750160591984557641e+02
1.257197762262581051e+02
-1.306114968847951559e+03
2.611712399726834974e+03
-3.154241622700616858e+02
-3.559675019158802911e+02
-1.562171638950698707e+03
5.308823605706162425e+02
-7.500862151191419116e+02
-3.853205067543026416e+02
-6.464852298283467462e+02
-6.454223181345565763e+02
1.755220801833926998e+03
-1.236307186904733157e+02
-7.248735371057548491e+02
3.525775912620326380e+03
8.803248668135017851e+02
4.494367996289313965e+02
1.492947601616319275e+02
-3.378925448842019250e+02
1.656024659379797583e+02
-4.575527314850016865e+02
-5.237772818456112418e+02
3.704852817296769899e+03
-4.789999887747089247e+02
-4.185909816682843712e+02
6.625188457948092946e+03
-1.045089441936611934e+02
-2.663352327943214277e+02
1.736468987036574617e+03
-7.386210678714020332e+02
-1.834205224865034722e+01
-1.693645220197127230e+02
1.327128741979506685e+02
-3.660031529221188862e+02
2.041557718144846945e+01
-9.282669877607283979e+02
-9.018843143896888250e+02
3.054824488663310149e+03
-5.330265998013715034e+02
-2.163040180188340571e+02
-4.716335576284673152e+02
-3.150985620660079576e+02
4.616748856830116097e+02
-1.794237904901949321e+02
-5.757785040683604620e+02
-7.970390367535196674e+02
-1.780442565929010925e+02
-1.051477144046448984e+03
-7.124386626694945335e+01
9.139688349333125643e+02
-2.804029901680628996e+02
-7.956141061816356341e+02
1.223181754709699618e+02
-1.021426971408730537e+02
-3.747772713651839354e+02
3.417471493749331785e+03
-3.176121148966383316e+02
5.434753928509488787e+02
-9.036537987063119317e+02
7.808398388282374469e+01
1.936308107057753034e+02
-1.551486765966829182e+02
-2.811116732905396134e+02
1.627203145916319727e+03
2.241816307181152297e+03
7.609430013278192746e+02
1.532814644229107898e+03
5.084427919339904065e+02
2.223810573873588964e+03
-8.614287065406364263e+01
-5.838595421590254091e+02
-1.830397452464478647e+02
5.795687458627959359e+02
-6.784625407735006775e+02
-2.052939001259986469e+02
3.399651931008010251e+03
9.755177026173422519e+02
-3.502082538196436303e+02
-1.058448372659579718e+03
-1.118191486402248529e+03
-2.819306437107692886e+02
1.373229908262579784e+03
6.483084148563277438e+01
5.610274967420827124e+03
7.988550624372468292e+02
-4.247460562410739158e+02
-1.515808259523351353e+03
1.571380159400235925e+03
-5.776711805693876158e+02
-2.029336722876680028e+02
-4.678135985183964181e+02
-1.063927572462790572e+01
2.360084512790825102e+03
-1.149656837578080740e+03
6.253530387141544225e+02
6.343314788078278070e+02
1.582819898717768183e+03
