-4.690470154786621606e+02
6.736906991396675039e+03
-5.750160591984557641e+02
1.257197762262581051e+02
-1.306114968847951559e+03
2.611712399726834974e+03
-3.154241622700616858e+02
-3.559675019158802911e+02
-1.562171638950698707e+03
5.308823605706162425e+02
-7.500862151191419116e+02
-3.853205067543026416e+02
-6.464852298283467462e+02
-6.454223181345565763e+02
1.755220801833926998e+03
-1.236307186904733157e+02
-7.248735371057548491e+02
3.525775912620326380e+03
8.803248668135017851e+02
4.494367996289313965e+02
1.492947601616319275e+02
-3.378925448842019250e+02
1.656024659379797583e+02
-4.575527314850016865e+02
-5.237772818456112418e+02
3.704852817296769899e+03
-4.789999887747089247e+02
-4.185909816682843712e+02
6.625188457948092946e+03
-1.045089441936611934e+02
-2.663352327943214277e+02
1.736468987036574617e+03
-7.386210678714020332e+02
-1.834205224865034722e+01
-1.693645220197127230e+02
1.327128741979506685e+02
-3.660031529221188862e+02
2.041557718144846945e+01
-9.282669877607283979e+02
-9.018843143896888250e+02
3.054824488663310149e+03
-5.330265998013715034e+02
-2.163040180188340571e+02
-4.716335576284673152e+02
-3.150985620660079576e+02
4.616748856830116097e+02
-1.794237904901949321e+02
-5.757785040683604620e+02
-7.970390367535196674e+02
-1.780442565929010925e+02
-1.051477144046448984e+03
-7.124386626694945335e+01
9.139688349333125643e+02
-2.804029901680628996e+02
-7.956141061816356341e+02
1.223181754709699618e+02
-1.021426971408730537e+02
-3.747772713651839354e+02
3.417471493749331785e+03
-3.176121148966383316e+02
5.434753928509488787e+02
-9.036537987063119317e+02
7.808398388282374469e+01
1.936308107057753034e+02
-1.551486765966829182e+02
-2.811116732905396134e+02
1.627203145916319727e+03
2.241816307181152297e+03
7.609430013278192746e+02
1.532814644229107898e+03
5.084427919339904065e+02
2.223810573873588964e+03
-8.614287065406364263e+01
-5.838595421590254091e+02
-1.830397452464478647e+02
5.795687458627959359e+02
-6.784625407735006775e+02
-2.052939001259986469e+02
3.399651931008010251e+03
9.755177026173422519e+02
-3.502082538196436303e+02
-1.058448372659579718e+03
-1.118191486402248529e+03
-2.819306437107692886e+02
1.373229908262579784e+03
6.483084148563277438e+01
5.610274967420827124e+03
7.988550624372468292e+02
-4.247460562410739158e+02
-1.515808259523351353e+03
1.571380159400235925e+03
-5.776711805693876158e+02
-2.029336722876680028e+02
-4.678135985183964181e+02
-1.063927572462790572e+01
2.360084512790825102e+03
-1.149656837578080740e+03
6.253530387141544225e+02
6.343314788078278070e+02
1.582819898717768183e+03
2.626636747969311728e+03
-5.793504040980978971e+02
-3.235289684863884077e+02
2.558018214188979073e+03
-2.891191759828782324e+02
2.162933692695780337e+03
3.684910441897011992e+02
-1.126820839489274988e+02
-5.836109101067091132e+01
-4.691925692041146476e+02
-2.915410272279316928e+02
-3.981053503662406001e+02
3.930564326264561259e+03
-4.508795885392486298e+02
-4.354693467401157818e+02
2.092210211876755238e+03
1.885153560427442471e+03
3.395873233466368220e+02
1.545065500403800797e+03
5.945708320934643780e+03
5.702163604752247920e+03
1.445124621369458055e+03
3.158481228483997256e+03
7.799700157593410950e+02
3.238826895127869534e+02
-3.645936903151365414e+02
-1.147485051682542462e+03
1.171092463467957714e+02
-2.444110935677284999e+02
-8.703474757998995415e+01
-2.107911860080810698e+02
-6.528575157206789470e+01
-8.411799469267168661e+02
1.247350424442490294e+03
2.515745384178744189e+03
7.892490796104340234e+02
2.191812236130775204e+02
-4.272556072314607718e+02
1.882017234707406487e+03
6.300608858715233964e+02
1.691553202481595008e+03
2.577735826911911090e+02
-3.302018722165211102e+02
-2.097513658718808642e+02
-3.073296928449431107e+02
-4.313790385265564851e+02
-4.024798421940853359e+02
4.087032943779531706e+03
-9.467270624159825729e+02
-3.523657227719617140e+02
4.521965568422648175e+03
1.190411413939086060e+03
2.353085745749278601e+02
-1.283740043417015215e+02
5.146169718864053721e+03
-6.479091267023734417e+02
-1.887760950975178957e+02
5.054660321712781297e+02
-3.604461817250723357e+02
-1.605126094166483313e+02
8.582767294700647653e+02
-6.511217250012258262e+01
1.129160310382561192e+03
-2.094474189254715100e+02
-6.364105962434748420e+01
2.720306187378427239e+03
6.705387932595992879e+02
6.125174909492494635e+02
1.373744672242216609e+02
2.949803208397208323e+02
7.259645858782403138e+02
5.397360638876923531e+02
-6.876313882852814174e+01
2.352156340752840435e+01
-4.894998754504876501e+02
-3.339965404996068514e+02
-8.566463961482830882e+02
4.084882071835659758e+02
-9.744699232480764977e+02
1.054212740372974167e+03
-3.481362108498998396e+02
1.001517767075125903e+03
-1.735565142255184981e+02
4.683988960526080518e+03
4.534769054138299111e+02
1.129058789237031078e+03
1.108658153806716200e+03
1.501599252152744768e+01
2.080585480580151341e+02
-3.471519303984208022e+02
-7.837517351425425431e+02
7.502840626811758966e+02
-3.032483305907106796e+02
-1.890561121899357431e+03
-1.880808175576907502e+02
-2.652171565367142989e+02
3.376051868283495423e+03
2.988336342598529882e+03
2.198506627829445733e+03
2.488312882787303352e+03
-3.457141153307176751e+02
4.065538861918544455e+01
1.318301193940920939e+03
7.468406228716728492e+02
-1.207489258164817869e+02
8.285168233774588771e+02
-8.525850962904358994e+02
-5.471385886105190366e+02
-6.799531756409502350e+02
-9.513241730014436826e+02
4.015745839647413504e+03
4.055217858670574515e+03
2.213889217655901689e+02
-9.748983584804535951e+01
-4.898981460906714460e+02
-3.171568851009010928e+02
-5.646409067574981009e+02
2.079936228472692164e+03
1.037940030790477067e+03
5.255723131553463645e+02
-3.244401863345594279e+02
3.330837846294387873e+03
-2.899549901737149185e+02
-4.385087900740447822e+02
-8.040016737546344530e+02
1.352142326826483156e+02
3.627051691510245746e+03
-5.951569851618281746e+02
1.588626592340576508e+03
9.089989270190679918e+02
3.110456542665302777e+02
2.204930309013057013e+03
2.492411475666973729e+03
9.982058035824238686e+02
-9.340871972638068428e+02
2.282358263415984311e+03
1.241325061283569767e+03
-2.938085628754717504e+02
8.674659387070689718e+02
3.062413274878795164e+02
-1.188606514284315153e+03
1.579647364377333588e+03
-6.978765270075734861e+02
-1.152734721108541578e+02
5.032417615917759576e+03
-1.382967880473571540e+02
-9.858095271679118810e+01
1.561451207549612832e+02
-7.755022478259495529e+02
9.151932640544602293e+01
-6.979620752146219047e+02
-2.465695935019923013e+02
3.956650149088543913e+03
-4.397749459690239746e+02
1.346383753014706031e+02
1.241202144778847469e+03
8.540883832032661758e+02
3.938862117471151578e+03
5.100235075682114712e+02
3.942527642097241369e+03
4.853459972436265843e+02
4.301918604302374405e+01
-4.871445194061892039e+02
-4.243394783455154879e+02
-4.496907742195874675e+02
-8.091814122192803893e+01
1.842849451277813387e+03
2.646121018955352611e+02
5.370127295650859622e+01
-4.513957185628310640e+02
-7.164326491827733889e+02
-1.438857228714991550e+02
-3.579064481609708537e+02
5.742348794042626423e+02
-4.094370210298846473e+02
2.963541066234535037e+02
-3.347798310290469317e+02
2.006635832997143964e+01
8.608690485161693573e+01
-2.974892913350760182e+02
3.085321495502619200e+03
-5.796458818544228961e+02
7.629388378697675535e+02
-3.097276813983543775e+02
-3.038301253959614314e+02
8.392999756696130135e+03
-1.098071495015236962e+02
3.032708832809631076e+03
-7.938397520139197923e+02
-1.984904330552656404e+01
-1.220853757790269896e+02
2.741958256721237831e+03
-5.080017572593036448e+02
9.169735660040819312e+02
-3.366357165320075637e+02
2.910351355082113514e+03
-6.688411061304560690e+02
8.164158300778573221e+02
-2.173574098484301658e+02
-2.756504716278411138e+02
-2.786419891224713297e+02
-2.366722796312978403e+02
4.154830694766848865e+03
6.936118507119574588e+02
-2.714595337357914104e+02
-3.700374559258345020e+00
3.065410238793245298e+03
-2.001096947862446598e+02
7.107345908287584280e+03
-7.289637777720672602e+02
-5.346963919126847031e+02
7.655275095896241737e+02
1.422814781788534866e+01
-3.474768998612181576e+02
1.338151873762798687e+03
2.192839953820761423e+02
2.466116662274154805e+03
1.124699671733232435e+03
-5.960959592157978193e+01
-2.231735797836838060e+02
-2.021074762759964472e+01
1.947892989787311535e+03
-1.080726728621342318e+03
-2.695558915783607858e+02
1.163341230695979789e+02
3.416307974921701771e+03
6.491949950487828573e+03
-2.151782961963893968e+02
5.366666977970845437e+03
5.275975960465946628e+03
3.050791792836791046e+03
-4.108491667902277982e+02
3.898355029761570449e+02
1.034491907318934523e+02
-5.557350600184973928e+02
-1.425406687662118976e+01
-1.359207310676799807e+02
1.427513848746346241e+02
-5.700870128794922493e+02
8.256329533221723977e+02
-4.788884140395637701e+02
-1.748689815177966693e+02
-2.584445604559688903e+01
9.253970736466924336e+02
1.546358435481682818e+02
4.709011187845201675e+03
-6.444839202532814397e+02
-4.966121136984403961e+02
-1.662571083876640046e+02
9.177278850103310788e+02
-2.748057809661232653e+01
-4.874902971448120752e+02
1.790363328166518613e+03
5.286736552654519983e+03
6.058293858706051083e+01
3.326025290919138115e+03
-3.238811235771698307e+02
2.832241396564456295e+02
4.686754995564581805e+03
4.135325873371450633e+00
-1.172856536128326525e+03
1.751170659608815185e+03
1.283392814207080619e+03
4.777774415178227514e+02
2.605629330221159421e+02
-3.206128590645649865e+02
3.564586031366155225e+02
6.392414502866973436e+01
3.957628343510467857e+03
6.674597442681308621e+02
-6.490097924727259624e+02
1.865406212769494005e+03
-4.232749212163625998e+02
8.302234962275734631e+01
2.069527104081942923e+02
2.695214598174219987e+02
-6.251427218488067865e+02
-2.660213158762593366e+02
-1.910138039940503916e+02
3.570102099324205938e+03
6.888446304167459857e+02
-1.509645292442630478e+02
-4.148034525428157053e+02
-4.193286357663389481e+02
-4.020871603690786174e+02
-1.173984081424366082e+02
1.955959999551508872e+03
3.867064010360593898e+02
1.605791921440988062e+03
3.674988577915758015e+03
1.272744168968663189e+03
7.305894780512229545e+02
-3.869021223880155276e+02
-4.474063171252699362e+02
-1.995987696227125525e+02
1.645555758857572300e+03
4.835126730385032715e+03
3.735412271949124943e+02
-7.025661626187180673e+02
1.216267423526242510e+03
-4.196748762737328775e+02
-4.970059800410849675e+02
1.172170807042911065e+03
-4.624044353082487078e+02
-4.251521000260469236e+02
1.185442440737877405e+03
-7.197294299601867351e+02
-3.552009444264899116e+02
4.469926066049778456e+03
3.304099167446082447e+03
3.829399839271851306e+03
-1.821505454393582113e+02
6.283208310429232597e+02
-5.669787877551189013e+02
7.407020190842202965e+02
4.214121208378382022e+01
5.034066330916321022e+02
-4.094963238845268734e+02
2.820772693170540357e+00
3.440921332198149685e+03
-2.249843453027506541e+02
-5.292050593380000691e+02
-1.858054895660550301e+02
2.672709868396979800e+03
3.922105785565498991e+03
3.008920100840266514e+03
2.840404306287605777e+03
1.846054870954237686e+03
2.048686772604236012e+03
-1.648066569123275258e+02
2.615463474962796795e+02
-2.295996961172373858e+02
-3.802181020054827627e+02
-4.540101212103535318e+02
8.323641825468911293e+02
1.014282608683818808e+03
8.646290868868607049e+02
-4.737521868869459922e+02
5.987981168667297993e+01
-7.722083455149559086e+02
1.553948003939925002e+03
-5.498675496917076799e+01
2.317304015655877265e+03
1.160870770336278213e+02
-2.899430844448028211e+01
-4.461599560065039896e+02
6.703262974289181329e+03
1.020375786353701187e+03
-3.069845797888577863e+02
-3.514173750654742321e+02
-5.703215331426714556e+02
1.372107338561521374e+03
1.210521165529170275e+03
9.639358231242212582e+01
-5.445290709940238685e+02
7.878613038470018637e+02
-8.613159278524524325e+02
-1.238283238159434489e+02
-3.966914965693292743e+02
-4.545154229814101541e+02
1.662921290666113691e+03
5.437423279519812240e+03
-2.945770805425268577e+02
2.713526646565082387e+02
2.180675964792260402e+03
7.096154742659972499e+02
2.941638659931754319e+03
4.015787740157801636e+03
2.072609586410777283e+01
7.140077380086927406e+02
5.169778724290551509e+03
3.984140418503675392e+03
-7.047983731834373202e+02
-7.344714079153962984e+02
-8.215368997568129998e+02
1.514496023869726741e+03
-5.094945747941296759e+02
3.348203796683771998e+03
2.148954884659490745e+03
6.166353808374055916e+03
-1.248960941137088980e+02
1.332777359753222584e+02
1.133267111963036541e+03
4.963338171983692604e+01
-1.492752571179657934e+03
-4.792655029709573711e+01
-3.236737599709912274e+02
1.875849028355246901e+03
2.825144301445959627e+02
2.317450739836555385e+03
-1.118282881551049535e+01
-1.145393727617797168e+02
6.816713632880303521e+03
1.182675609726727998e+03
-2.132461763113673214e+02
-3.570698347369246903e+02
1.562000158767448283e+03
1.867331064874801996e+03
-4.066723438271604323e+02
5.484706103883376045e+02
-1.415076774524982852e+02
-2.460167289133865438e+02
3.722145140599023989e+02
6.360001592017712255e+02
1.954019637084820715e+03
4.105868997774477975e+02
6.318140123259865504e+03
2.146289550457973291e+03
2.844547740469989549e+03
-5.987601903178022766e+00
-2.630951648356251553e+02
-5.189271772661464865e+02
2.850855101736724009e+03
-8.093797447436336370e+02
4.927222087533780126e+01
1.028041056496421106e+03
5.896147689686877129e+02
4.376799781033009822e+03
-2.457785915703506703e+02
-2.782859134001503207e+02
1.418627576102571766e+03
2.702435429316594195e+02
1.392151727764167163e+03
-1.908239211770702752e+02
6.875272166132085658e+03
-3.296642624831317647e+01
-6.161552630543171745e+02
-4.570767659907543248e+02
6.201950222980484995e+01
-5.661146678725255015e+02
-5.342347326107114895e+02
1.647803853605768722e+02
4.793516099069538541e+03
-3.632148703873994577e+02
-2.562956004116114741e+02
-1.508314102019324707e+02
1.274290390629470039e+03
3.622960536252845941e+03
7.605367085508180480e+02
-7.463175007277934583e+02
7.141705482883906370e+03
-9.028782238203048394e+01
1.403919160653273138e+03
6.577142250371141927e+03
2.678529804938897087e+03
-2.585604613892613770e+02
-7.179233697775217706e+02
4.258604926007471477e+03
5.460436504246720233e+02
2.956722419205309507e+02
4.621540794530474159e+03
-3.719705252134804709e+02
-3.575909041960334207e+02
2.853318479399831631e+03
-1.262223857898481754e+02
-4.047174045470800934e+02
5.489700098380106283e+03
-3.109379655290844653e+02
3.309584626474818378e+03
9.054755479243336822e+02
5.536144205426731787e+03
7.064269174777428816e+03
1.693574881452212139e+03
2.955706116558821464e+02
6.264418472008383105e+02
-5.101092353291116410e+02
-2.430847274105555300e+02
-2.760209418676037103e+02
3.296378568543793790e+03
-6.734493368695505069e+02
6.207364108437975148e+00
-2.467921483295396854e+02
2.808246887005207668e+02
1.228126285638070613e+03
1.317581697575678845e+03
5.175377158606662306e+03
-1.380443831049086079e+00
1.106059371478040703e+04
5.655629541074837107e+03
7.624780117401968482e+02
-4.454736142215037944e+02
4.813010912221880062e+03
6.016346355929702440e+03
6.506716402111550224e+02
-1.516935084693288331e+02
-5.068927379635163106e+02
-5.539520888871476245e+02
4.920067688612062966e+02
-5.439303058904387171e+02
2.473029013374559781e+03
8.479972519676706725e+03
2.207264432721121011e+03
3.425715863258677132e+02
-2.768993018806774558e+02
3.283641897241664651e+02
2.322287353026791607e+03
2.283439425060888425e+03
9.739126291766760914e+02
5.721676752167039012e+03
-6.738235442068224756e+01
3.281273224575989389e+03
1.522858503101544443e+02
9.547022542967341678e+02
-3.950956285102617471e+02
2.068766695310103387e+03
3.514460327907967439e+03
-3.352447301648449525e+02
-2.799696629845344660e+02
-2.156293382377638750e+02
-2.761107860449150166e+02
4.217528422611377209e+03
7.994947305052632146e+03
3.027738715571594525e+02
1.682445552631697183e+03
-1.295891287787378133e+03
6.403360501156838609e+02
5.356313489425046100e+03
1.757268766236986721e+03
-1.030591330868821274e+02
3.641047377331365169e+03
3.918444555207747271e+03
5.929513129694118106e+03
-9.492021258106226469e+02
3.042820396291713223e+02
5.294211715532010203e+02
1.452942210377449783e+03
7.247877167601673136e+02
-2.027423856003842957e+02
2.990697487550325604e+03
3.737367553777101421e+03
7.219963416976860060e+01
6.759415701427369640e+03
5.822726805067813984e+03
-2.547331335534087060e+01
-3.755915299970455976e+02
5.661293806568796754e+03
8.780267995069115727e+01
2.745345998007019261e+03
1.268216140274494819e+03
-3.418355718147197990e+02
-5.236262259423098158e+02
8.857721232398398570e+02
1.480113078163592775e+02
5.907452081684061341e+03
-7.859587274015210596e+02
-7.026309663394162897e+01
1.015115381240289707e+03
-4.323415629680963548e+02
1.649902034390540848e+02
7.122092210388534568e+02
-6.477950708464102263e+02
-6.651205768989290164e+02
-4.732760675889093704e+02
2.235320330237113922e+02
2.105474268802177903e+03
5.066964004079147230e+02
5.293175117748796765e+03
9.213899797411062536e+03
-2.577961468232633706e+02
9.501238559036498827e+02
3.182649170657415993e+02
5.344050026922801635e+02
4.128365161903650005e+03
5.009064505105543503e+02
-3.688485250790081409e+02
-4.182962173375740349e+02
1.513852911348329599e+03
2.469593679818407963e+03
9.278699867286419249e+03
6.128916142669180772e+03
7.462470410512734816e+03
-1.041176486628320163e+03
5.255020149017979065e+02
-1.452722831590341457e+02
-3.399127114106308909e+02
5.079469387369043943e+03
-2.915671517394828243e+02
-2.893559201631748010e+02
2.170992741511654913e+03
1.231581159291226186e+03
1.766843934240228009e+03
-1.034269787220350054e+03
-2.270599638745705420e+02
-6.374494422358054635e+02
6.926334306248925259e+02
5.073988216831521072e+02
4.639074139399306063e+01
-4.170189940362397465e+02
1.666124843142667487e+03
1.313847340763574948e+03
4.561929584205604726e+01
1.579847455245415404e+04
-6.640991676909286525e+02
-5.163948151110662366e+02
1.454248130558706407e+03
6.776999444350249178e+02
-4.851294455248709028e+02
2.045443725864113844e+02
3.421680398333112862e+03
6.678508943087746047e+03
3.690815942393493856e+02
-2.849345782921103591e+02
1.283865959983070297e+03
2.359493134469406073e+02
4.517501284970678057e+02
-4.502580394824469181e+02
4.095004853084240494e+03
8.198243567577375757e+01
-2.452573392270450086e+02
7.871261386863942562e+02
7.982071656750908915e+03
-6.649864953834504888e+01
3.665202126549374498e+03
1.031231256939665582e+04
7.561740067186444776e+02
7.225275287984364923e+02
6.645946380335674803e+03
4.872387288742733062e+02
1.725149856518581373e+03
-2.322535937089257629e+02
-3.107373961079271112e+02
-3.777594044157155508e+02
7.193674273356748927e+03
-2.422587324173893819e+02
5.498257204633376887e+02
-4.183433155770059670e+02
1.212719103368073775e+03
7.878334776565434368e+03
1.957468184915905795e+03
2.169119893493521886e+03
2.248367355438953382e+03
1.381606885669589701e+03
2.884251093100903290e+03
7.995941049485436452e+02
4.209016001763262466e+03
1.473698662142945614e+04
8.062135481462680673e+02
1.670231410780658962e+03
3.629141626461599571e+03
-3.252008035690747079e+02
2.912192023101960785e+03
1.354215213334211285e+03
-2.406486982426878853e+02
-3.257307452620366917e+02
2.279769346836534169e+03
6.084600844478717363e+02
6.246784723291694718e+03
6.280415475739881913e+03
-3.131893952851028189e+02
-5.921637098160788355e+02
-1.672652446526912513e+02
2.162237251634081076e+03
4.685303169593171333e+03
3.269103351657588064e+03
5.996050113348537707e+02
8.885423161737388682e+02
-8.600768427289066267e+02
5.445945710476403292e+02
9.895705270905258431e+02
6.838740375315315760e+03
3.386503696448989558e+03
6.009122633799979667e+03
6.033329362077012775e+03
5.446872942438992141e+03
5.492691622711679429e+02
4.524276107087271157e+03
6.057368587034498887e+03
7.205189090436931565e+02
3.213671427355097421e+03
1.617338108035835148e+03
3.697287229818695778e+03
-4.927545911514818044e+02
5.842368269276394130e+03
3.945868454267849302e+03
2.197669477099541837e+03
-1.159500640083541157e+03
-2.833093503552894958e+02
-4.458252052333953088e+02
3.588213515431446922e+03
9.769010724522044598e+01
1.163751374452709513e+02
-8.517326222088286158e+02
1.355559498939586319e+03
9.180491979148160681e+03
-1.853542993344549359e+02
3.908656373418620547e+02
-6.263803005065959724e+02
7.254438620641757325e+02
1.914336107642437810e+03
-2.510451654580785430e+02
4.984505876766508663e+03
-2.720774949055166303e+02
4.448412679892180677e+03
1.534833437087827406e+03
2.688537046918565466e+03
2.875503394584777652e+03
-4.687386731034594050e+02
9.501000480352463455e+02
-3.239129660339277734e+02
1.654295387966634507e+03
3.954135966826921162e+02
6.175380429957933757e+02
2.218743569279743951e+03
3.068627575738604719e+03
7.786616267518806467e+01
-6.341615105324795820e+01
5.864826994331561764e+03
3.257380966471053853e+03
8.284559184522377109e+03
-3.873922039076064721e+02
4.220968811950667259e+03
1.312689904119414223e+03
4.383974555010238873e+03
4.279375362313697224e+03
2.085868332048753018e+03
9.361665165315798731e+03
7.200347678300565804e+02
8.659213961468542493e+02
1.196571467309157242e+03
3.587090246614337957e+03
-4.020327372214335355e+02
-3.928226097845781055e+02
1.595511258600893825e+03
7.603295134296486140e+02
-1.929818831155607484e+01
1.999882951581240832e+03
3.440825252394674862e+02
1.292202700504928089e+03
4.940220027370376670e+02
-2.193127694784214441e+02
4.826939777932957440e+03
9.020997314175350539e+02
6.772679524185718947e+02
4.143814087986999766e+03
9.014206414201278676e+03
1.816958853962831654e+03
6.407141554152936806e+03
-1.669698640905903346e+02
3.868097547157448844e+03
-5.841781758888153320e+01
9.096686701718484755e+02
1.627267579393807409e+03
8.968759416953607797e+03
3.161147656588998984e+02
3.552148439872737072e+03
-6.966974372747472444e+01
-4.537740152630744461e+01
7.964113947825764228e+01
4.279277894295663828e+03
8.189498782803210588e+02
-1.449037036319297727e+02
6.900539263763324925e+03
1.156538317020907698e+03
8.953835928776521541e+03
2.343026401915627048e+03
4.451110328118793973e+02
-2.800468448430365811e+02
1.747609171059395067e+03
1.139656776880534835e+03
3.514248355913957766e+03
-2.399536458320730219e+02
-3.648065937364307274e+02
5.747993108960995414e+03
1.365678768722727227e+03
1.706542988704054778e+03
7.402856996010895045e+02
-1.439204876377813491e+02
2.293958870710123847e+03
1.203383264773959581e+03
8.345395220054983838e+02
-6.386170989510487743e+02
7.620303243218580747e+02
4.956677622569327468e+03
-5.966463882706700588e+02
1.525393361739445254e+03
-2.294594459877251609e+02
4.877882940174735040e+02
3.116642801464129661e+03
2.669494519546456559e+03
-3.221069528959001360e+01
-1.958183135707313056e+02
2.610356156589336479e+03
8.995802450449211392e+03
-1.345605805025213613e+02
6.236471015541956149e+03
1.627575133923206522e+03
8.637257825231922652e+02
1.572430785120512155e+03
7.042187008634584345e+03
3.378511119810048058e+03
8.841162333742838655e+02
-1.190531044058618306e+02
1.704342160406508265e+04
2.057497959180074304e+03
8.718040837309730478e+02
-5.360777541499464860e+02
-2.616044771850212669e+02
1.234292283851873208e+03
1.015231031559390772e+03
-4.622934409337623265e+02
6.011112147385122626e+03
8.366202915815481902e+03
-1.008536647387187344e+02
-3.422791713764650581e+02
2.748007205218200397e+02
1.787193438906876963e+03
7.121611880883080630e+03
3.161929152385248017e+03
6.679370092439846303e+03
-2.600168959438670981e+02
-3.766604248549757585e+02
-1.378660770802619027e+02
4.480289494717788330e+03
7.009086166635622703e+02
3.926360632330429326e+03
5.478286444964973271e+03
9.729836281366346157e+03
4.185348309278841953e+03
2.228491208717986751e+02
3.907029269862910041e+02
-5.739521964316097069e+01
6.740785379907053539e+03
1.364777047650376517e+04
2.484165784181038816e+03
1.131510223207352965e+03
6.396458807400840669e+03
2.824249105764404248e+03
5.146040265037904646e+03
1.125688525559832442e+03
1.804910956346121793e+03
3.627988102513005742e+03
1.356957444519580065e+02
3.420980713577371716e+03
1.318351560190775126e+04
3.256464357566689159e+03
4.989849596284031577e+03
1.779263050697262315e+03
-1.997460062062915540e+02
9.777280325944010428e+02
1.399402520774207915e+03
1.880174190001147053e+03
5.669318567783680010e+02
8.073825099978293451e+01
4.491105416686505123e+03
-6.257453248070059999e+02
1.393863314513202022e+04
1.808350268599516312e+03
2.985998523507913660e+02
8.512665161533058154e+02
1.758666315716383451e+03
-4.223608085878112206e+02
-3.555852961770964384e+02
-4.992101764378994631e+02
1.274951887213132977e+03
1.442997136897934070e+03
1.913846669410441109e+03
-2.455461631128573856e+02
4.201025140524854578e+03
2.454735407634341755e+03
3.352267784248623229e+03
-5.311658330675366813e+01
1.060376050183514781e+04
-5.210423181227614577e+02
5.928192432727466610e+01
3.430767078283278352e+03
-2.360547648841989314e+02
5.327183185483637317e+03
1.868693612620232898e+03
2.806079527701323059e+03
2.207150220777980394e+03
4.545450345637368628e+03
1.226902692270410989e+04
1.570873542543788426e+04
5.068113648755671079e+02
7.721041885754216310e+03
4.250731689821897703e+02
4.174237783638880046e+02
1.892164276403236727e+03
2.809024676768779955e+03
9.793195003691436796e+03
2.094268991907649706e+03
2.922492588583401357e+03
1.653379466799252623e+04
3.142978703213589711e+02
-4.127223982075345816e+02
2.377378126384605366e+03
9.186816362632509481e+03
2.390749093669680576e+02
1.053405791189677757e+03
1.290105453828896543e+03
1.446173952935270108e+03
1.109968908026211011e+03
2.154175667090747197e+02
-2.742998967902736922e+02
9.274671549322932833e+02
4.680271956655633403e+03
1.200075019302139481e+03
6.073366833073816451e+03
8.101454024394406588e+03
1.039624431259678386e+04
5.421472489132095689e+03
1.692686383520402842e+03
-5.765515992129451206e+02
5.594730147501433748e+03
-2.516516616523645951e+02
1.428800446387235297e+03
1.094354649651273576e+04
5.298423053512734441e+03
1.261233794115676574e+03
2.627141423265156391e+03
4.163964741949917880e+03
4.543877302425266862e+03
3.990547893823401182e+02
1.690589492680214335e+03
-1.210361445885089893e+02
2.781610298498265820e+03
-5.038271287528130529e+02
2.460573988944490793e+03
1.621358247345845029e+03
1.306281918586792699e+03
1.030301045130439661e+03
1.176312116207076178e+04
-2.292974986616092394e+02
4.111110797657554485e+02
4.135938790413520110e+03
9.891618613470140190e+03
7.574794239947331334e+03
6.006643152684295046e+02
2.853710795678355794e+02
3.686493107642990026e+02
1.502913275747109537e+03
6.103582789693473387e+03
-1.630978967634586354e+02
8.095952171668689061e+02
5.077983802960094977e+02
-5.224018934152726388e+02
1.432599089781443126e+03
6.532567008140426879e+03
2.162776811268297024e+03
2.773562550447257763e+03
9.468085225810460543e+03
1.650782572974277173e+03
2.480098962120544002e+03
2.652842876536297263e+04
1.864394332622238835e+03
1.145877202520349601e+04
5.999994977845877656e+03
-4.952675744909709010e+02
4.719566971391121797e+02
4.985170504003131668e+02
1.220133296189128032e+03
1.789014923284086308e+03
-5.115200986559420357e+02
3.912739251661096205e+03
6.738944971103280295e+03
8.117815635637890409e+03
3.092918863792603133e+03
-9.114525461230466874e+01
3.785019310181007313e+03
5.415422533078739434e+03
1.432878911150799695e+03
1.268089872753418422e+04
2.985638848648259227e+03
2.531279685653471461e+03
2.208361969486888847e+04
2.417364749452303840e+01
4.172943334752179680e+02
4.852664936373927048e+03
1.265621529795662127e+03
7.102079920515133381e+03
1.620345911872099805e+03
1.847742557937381491e+01
1.585955149304078986e+03
-1.757358860427052250e+01
2.484665430201537220e+03
2.604852516510918122e+03
1.864807854617512248e+03
2.135374414142846945e+04
-6.159200427009003533e+02
2.218086500126198189e+03
1.379623215907822441e+03
4.354452055806485987e+03
3.514500682672394760e+03
1.865891856520366900e+03
4.504269340807762092e+03
1.065935420328806003e+03
2.095791646725880128e+03
2.798153619488653476e+03
2.589044847146833035e+03
-5.031076923122420226e+02
9.399120253677077130e+01
8.158636067864713937e+01
1.522105570963015089e+04
9.345115014747839268e+02
7.201632545585135631e+03
-7.101235182848582781e+02
3.038915277679373048e+03
3.718545312371468299e+02
4.004892271383187563e+03
-3.894703680971198878e+02
-1.065558725147600683e+01
2.152968011785097769e+04
1.945885532838669178e+03
2.743020720672916923e+03
2.058412744835225567e+03
6.118851775572183215e+03
7.553784728452067611e+03
-4.453232909810795377e+02
9.075882543264184278e+03
1.554362293600916701e+03
2.391437509694388609e+03
6.889964779673679914e+03
1.134584199563454149e+03
6.119904857439150874e+03
-1.812346816291777145e+02
7.373485425475267903e+02
5.566891782174901891e+03
4.506399376749151088e+03
2.435362444171012157e+03
1.705574103535248014e+03
4.736889326616772451e+03
3.226159961900974395e+03
6.971321630920529969e+03
8.408211015071308793e+03
1.296957347724299723e+02
1.506311531333251878e+04
5.544655273366851361e+03
2.040253519337154103e+03
2.043427147430482592e+03
2.904116605039479509e+03
4.568477540883613074e+03
9.869758591455736223e+02
1.904058350731283781e+03
1.484037465935676482e+04
3.605313995176588378e+03
5.071529625422800791e+02
1.951624222814557288e+04
1.224287202915618036e+04
6.394213923271173599e+02
4.054631581686133813e+03
1.665405602148223124e+03
2.928767221388477992e+03
1.421889235366847788e+04
1.905382582697042608e+03
8.870751241994999873e+03
1.185043275334056716e+03
3.113473810435548785e+03
2.154324974478626245e+03
3.344756589427004769e+02
1.477727452569758862e+04
4.619002543734313804e+03
2.163256234694474642e+03
-3.700663843080492370e+02
2.404661632041536450e+03
1.019744900958717608e+03
2.522372504436491454e+03
8.699905354436681591e+03
-6.633152206467736960e+02
5.842412434736656905e+03
6.676240913727430780e+03
1.653692281757433193e+03
-1.161725719701733169e+03
-6.553979713062877011e+01
1.533916271201734617e+03
5.119808957358191037e+03
2.347754555149581108e+02
1.777713277725082662e+04
8.486137450638814244e+02
2.715470329412618867e+03
9.420116493602068886e+02
-1.016233905711257819e+02
5.548251019944927066e+03
1.254578807095542743e+03
1.636337207506579261e+03
5.114756366892499500e+03
1.168831414019964359e+04
3.773446585862721804e+03
1.613282790066082725e+03
7.163072583609973663e+03
1.629691643116557771e+03
2.943491735088711266e+03
1.501368291567178176e+03
2.989319387106526392e+03
2.312331135437884768e+03
1.047548912257961638e+04
1.446560666162442431e+04
4.853088197964017127e+03
3.759663737759381092e+03
3.232329069975435777e+04
8.862783125630881841e+03
9.079419219183222594e+03
2.273858971804646671e+02
-4.159081763801622174e+02
2.093780434215305377e+03
1.582173284798399891e+03
2.671511680828710814e+04
5.351587169897670719e+03
6.114328055315543224e+02
8.793429131020695422e+03
1.216619576567666991e+04
-4.459447302405378650e+02
-3.169695587838192523e+02
6.107218354384480335e+03
1.148196100073728758e+03
1.595979963483658366e+03
-1.050231894310964208e+03
7.580333080587586210e+02
2.975311720011291641e+02
2.418947962410189575e+03
5.842544622464589338e+03
8.347801020426304603e+03
7.152673113437261236e+03
1.293721235845968476e+04
4.050065272775251742e+03
4.796130846120734532e+03
8.415290903885766966e+03
6.821324002833511258e+03
5.481797459959338084e+03
1.495740499468438884e+03
1.021594735253164072e+04
7.197185875951679009e+03
6.099117921010501959e+03
3.903049006542717962e+03
5.642645207341300193e+03
8.689801365267097935e+03
4.565077170322857455e+03
-4.404511160969797743e+02
3.990913565909178487e+03
-6.079830005628761569e+01
2.685464337237119707e+02
6.168408964138286137e+03
1.307018522478231716e+04
2.909552897714842175e+02
-2.759561530576021369e+02
6.178270217999609031e+02
4.044169281682422366e+02
2.177660499436061400e+03
5.696477154808515024e+02
-7.148910385361836006e+02
7.303885326306949537e+03
2.602167295049408494e+03
1.249463167825493474e+04
3.699448470373893542e+03
3.768606445744454447e+01
3.977353742712532949e+03
5.035071479422886114e+03
1.710163889397534513e+04
6.329473154677627463e+03
2.559722486716052117e+03
4.697277858622212989e+03
5.264458535380878857e+03
2.275934723939816649e+03
1.575078742757967575e+03
3.629822856640139435e+03
6.136285702901854165e+03
5.507571025186459337e+03
2.816981539871829682e+03
7.006847577027235275e+03
5.237768507420430069e+03
1.837538308083261290e+04
1.622723440977071914e+04
2.557804872679206528e+04
1.278135971699004131e+03
1.175536438465888978e+03
3.467323258397302197e+03
2.815460499602174605e+04
1.491150067462302331e+03
5.211230378623429715e+03
4.394050596653601133e+03
6.662000719343191122e+03
1.302154670275784338e+04
4.984491978391332850e+03
2.043116810439120673e+04
4.383334564727005272e+03
5.020272882286124513e+03
1.249012729554645739e+04
1.807263011013701771e+03
3.140827090767284702e+01
1.747791759931862998e+03
1.327637362322220042e+03
1.413102588971338628e+04
1.011579908389106458e+04
2.796071338577627102e+03
3.919406259078656603e+03
2.292349952526764355e+03
2.419550628995736406e+04
2.914828589453747099e+03
2.089949273992267263e+04
6.261740428533742488e+03
1.275421050673604384e+02
1.414066593303806985e+04
2.958275627149597858e+04
1.370212216026171291e+03
6.678410773508743659e+03
6.249584619248424133e+03
-1.999487277874940787e+02
4.591429710385224098e+03
3.338814192348339475e+03
7.048938205333278347e+03
1.117328018068382698e+04
4.162663609038923823e+03
3.946588595218822320e+03
5.310882237629484734e+03
3.265841881200611533e+04
2.474790265560616717e+03
2.435099358365505850e+03
1.702848725471264333e+04
6.810027923649945478e+03
1.032808817367432130e+04
5.894803108957127051e+02
6.140549784530714533e+03
9.016290128209950126e+03
5.887314402675481688e+03
1.283569607431742043e+04
1.183117785021523787e+03
1.740989505835043019e+04
1.028377276363982560e+02
-6.870619945172992971e+01
7.683352795706085089e+03
4.811096845070639574e+03
1.633323006048403295e+04
1.528144764361466878e+04
2.467112154114637633e+03
7.250165483032357770e+03
2.679888945043516287e+03
1.848933228173149473e+03
1.322822518387094351e+04
3.262061068901796716e+03
1.972208528941387385e+03
1.980790588375096559e+04
4.192939656668102543e+03
1.218390665658403850e+04
6.861927390732901586e+03
-4.745301482547640148e+01
-3.624521944513197127e+02
2.261781187411799328e+04
1.530911020112436290e+03
1.186117356785577613e+04
2.010603052619426308e+02
1.774448637205966179e+03
1.257086561313445827e+03
7.636126490821105108e+03
2.570833543563082003e+03
2.259588532762833438e+03
5.886306451278251188e+03
-7.382533265252135379e+02
3.569542567664368107e+03
5.574725863062751159e+03
9.583372815566943245e+03
6.201574113661851698e+03
5.795015095266053322e+03
1.222923716840008638e+04
1.814119033109734664e+04
3.977077017942548991e+03
2.311019298808520398e+04
2.647320677003901437e+04
8.047771208731754996e+03
2.427317028593628493e+03
8.715735389539468088e+02
7.480309670389922758e+03
2.151086541881618177e+04
1.669571873902904190e+04
1.044507609540570229e+04
8.902631125526788310e+03
-6.840487985542080196e+01
2.044962388121991580e+03
7.384552591512803701e+03
7.578741285927896570e+03
2.470556607042159885e+04
4.964253534264141763e+02
9.662065875384754690e+03
-2.841547486451676008e+01
2.732709025899642711e+03
1.854872772337236484e+03
2.216005139968844378e+04
7.221719023096823548e+03
4.191205297900367441e+03
7.407547286411059758e+03
8.271966411627843627e+03
3.179561569409997901e+04
1.084888433858710414e+04
9.004420360158432231e+03
7.424520919591667734e+03
1.343730816046313521e+02
2.441363348957668222e+03
6.377590337346221531e+03
3.903342900548606394e+03
3.556915290883884609e+03
3.186931864500603751e+03
6.494255868481896869e+03
9.732835273985735967e+02
5.745937006305211980e+03
2.322651540560164358e+04
2.996679565954842474e+03
3.946053947023452793e+02
5.722431699032918914e+03
1.454821500391021436e+04
3.414373266726150177e+03
2.655558162513998923e+03
2.325021482061880306e+04
1.970226710939444388e+02
-9.867396270321866325e+01
4.100909400104501401e+03
1.825913335562945349e+03
9.054020286769300583e+03
6.445284522087879850e+03
9.934071062868619265e+03
2.163943713009180647e+04
1.844024765425747682e+04
6.258217054309441664e+03
6.623537096617938005e+03
9.454259896771597482e+01
1.042614586313757354e+04
2.603643059404729138e+04
1.119281836428692077e+04
1.109931191105145990e+04
7.767827244311502909e+03
2.709725162739922598e+04
1.104101010420378771e+04
2.702551977762806564e+04
-1.865295732461346176e+02
3.341435475470862912e+03
1.704134975187291275e+04
1.975988005865343894e+03
7.004043609104181996e+03
3.506368860437719832e+03
2.351232612504471763e+04
2.865892929970244950e+03
4.521544252883785703e+03
1.928395553908115835e+04
1.003349542379063860e+04
1.118640748110147797e+04
5.545448359696374609e+03
2.005266562806854199e+04
3.645743674333062518e+04
3.761358563568996942e+02
1.351945107493924752e+03
2.382242706439732956e+03
9.667482221287394850e+02
3.670135715852898102e+03
4.669445678555968698e+03
7.946358323151217519e+03
7.678270258162361642e+03
7.398185645308813946e+03
2.206013895355501154e+04
1.440675760662824541e+04
5.478369965679909910e+03
1.055539403111459478e+03
-1.581534931896617763e+03
2.300698491098673549e+04
1.052319786226052747e+04
5.503781718126764645e+03
7.387810493695602418e+03
1.533733110583587586e+04
2.219669368628343000e+04
2.639513503259059507e+04
7.422918950362329724e+02
2.151945987788122147e+04
2.421553523894374302e+04
5.178568982614127663e+02
1.515508136498209569e+04
1.015870939083513804e+03
1.048548735555681924e+04
3.492422641728633607e+03
1.147070416761313572e+04
1.418867384045488279e+03
4.537534463140613298e+03
2.296569043225046335e+04
1.339077355620371918e+03
8.330932386162941839e+03
3.821737492916483461e+03
5.162732861170348770e+03
1.640812111393798477e+04
1.249080806181989828e+03
1.835147629912229968e+04
3.195910834856436486e+04
1.531895733656922494e+04
1.271889210666340659e+04
1.592343902486577826e+04
4.274830656942139626e+02
5.071021556637268986e+03
3.587710127129579632e+03
-4.884750284590115399e+01
9.515779883452463764e+03
6.323852160905011260e+03
1.647921772108281584e+04
5.508096634430565246e+03
2.419687835322237879e+04
1.057094364674074677e+04
1.758417446672725782e+04
1.718383136788251068e+04
2.826899506305436807e+04
7.094534610760607393e+03
2.038795619941500263e+04
1.265268830845710545e+04
8.963070616449509487e+01
-1.465366420735792587e+02
4.232724697617482889e+03
2.568207160667797507e+04
1.984427999570325846e+04
1.399128580182659607e+04
1.543231015628753448e+04
1.842656113956037871e+03
1.826544174609143010e+04
1.063848871119879050e+03
1.575967092752880490e+04
1.737997288459262563e+04
1.399041000680015941e+03
9.469334069311580606e+03
1.428556122219553254e+04
1.664705999091917693e+04
-1.581111825008267431e+02
7.861741048957858766e+03
1.596304155263343455e+04
1.487887836785561740e+04
1.173518071395820698e+04
3.144483314895240710e+03
5.153600031304965341e+03
5.567111573571246481e+02
6.711855920717595836e+03
1.467984242240618005e+04
6.444759615713652465e+02
7.908625318519947541e+03
8.867222037396364613e+03
2.851373359589621396e+04
2.197455115564246807e+04
1.534146956919528748e+04
5.270284729099093965e+03
9.842502601677842904e+03
1.582711891191481300e+04
1.886448156212226240e+04
3.078262949423804002e+03
1.516808134388283361e+04
-8.202367817430532568e+02
3.224739176467345897e+04
1.224694218667727000e+03
1.589482478004615405e+04
3.210863397994210118e+03
4.528734819885531579e+03
2.014439515602630854e+04
1.219092151495874350e+04
7.980943344899523254e+03
2.250058812957399823e+03
9.009702405541577264e+02
1.970068482439919535e+03
1.988901262633229635e+04
7.562733088481454615e+03
1.588260771291397305e+03
1.479048747433900826e+04
2.550044717688414312e+04
7.708192344694934945e+03
1.485618093083753774e+04
2.736958054933460517e+04
2.506536929157625764e+03
1.933027307982585990e+04
4.015572811613333670e+03
6.917547618758881981e+03
2.207051650096458616e+04
7.997853575415854721e+03
2.139041227800488559e+04
6.943404640638045748e+03
3.705394521181339314e+03
1.101261049817264575e+04
4.727149912904198573e+03
2.863966842521952913e+03
5.076031689553296019e+03
4.166389621294230892e+03
3.842827354676552204e+03
1.444561349801203278e+03
1.489608739953086297e+04
9.727388943770456535e+02
7.163287773989647576e+03
7.263327693326188637e+03
1.141732865864227642e+04
1.594193752812710954e+03
3.073812214404850965e+04
3.194068886712462700e+03
2.397076309288926495e+03
6.840540860511873689e+03
1.500358455951865653e+04
2.849229731996083501e+03
3.869951249701643974e+03
2.460080555346317396e+03
2.085427580485140788e+04
1.151385570155604910e+04
1.969868980747238538e+03
4.676989282701406410e+03
7.232499941878672871e+03
6.908168529699256396e+03
1.366961593298781008e+04
2.872188216646345973e+04
-5.218259312665912830e+02
1.105859403753676270e+04
7.675722105547654792e+03
1.651696653841812440e+04
3.674906145941902196e+02
1.755280712931331800e+04
3.992051305938025325e+04
2.925838854972289482e+04
9.042523209721271996e+03
2.401932479629171212e+04
2.778871079718443525e+03
1.268431646361761341e+04
5.470046720359432584e+03
2.877108489473901500e+04
2.197775193474734988e+04
1.280796202494969293e+04
6.491243393914010994e+03
3.012058287436034880e+04
2.625003568716947029e+03
1.097001236859082928e+04
1.421145007684460325e+04
-1.336821729545146198e+01
7.530617925930983802e+03
2.460904776338581723e+04
2.678857437597903845e+04
4.405510105009580911e+03
2.048298628731708595e+04
1.336952946695574610e+03
7.285109909921400686e+03
1.129567939512122194e+02
1.140076046539093295e+04
8.963020136284550972e+03
7.631229334326057142e+03
8.044102722889321740e+03
2.083654527847203281e+04
8.112269328520840645e+03
2.622097159415462738e+04
8.867730423886096105e+03
1.721958233123490209e+04
1.753691435899064891e+04
4.789537393276184957e+03
9.218274080352633973e+03
9.318787139712572753e+03
4.517780021548841432e+03
1.433758321236481243e+04
1.755285801467043711e+03
3.099578608239763707e+04
-3.352676684962584090e+02
2.375113661661184778e+02
5.785007698952366582e+02
1.448428248696490846e+04
1.564444649133280109e+04
1.673803828597089159e+04
1.895142562913030133e+03
-3.145334890006670889e+02
1.737317994399484814e+04
8.033137176159139926e+03
2.227982147371917745e+04
2.213311947124272046e+04
2.016006028519146275e+04
8.563838950251154529e+03
2.755907686199053842e+03
8.400895661777853093e+03
2.379274820509586789e+04
3.105804544806709237e+04
7.650806438105910274e+03
6.266245814878880992e+03
6.805122237596931882e+03
4.503965394457972593e+02
1.594345706443537438e+03
1.926270230180514045e+04
1.651674905139489420e+04
7.152603439567864370e+03
2.918949998914463140e+04
-2.221817877105671073e+02
2.463260215185212292e+04
7.939183153357631454e+03
1.240116440301296961e+03
4.844228283947652017e+03
1.568140966190107974e+03
8.111628107220732090e+03
1.996877407870322713e+04
1.525515038285001719e+04
1.973083045557980586e+04
1.559533854111455730e+04
3.418319987619876338e+04
1.290898779406362337e+04
1.996459447262509639e+04
5.677633223057612668e+03
3.008187510935484534e+04
2.056856144637164834e+04
2.129225099992756077e+04
3.276329011139222985e+03
2.720188699630102928e+04
1.124218375109356384e+04
8.206491284712557899e+03
1.026185793989130434e+04
2.562827658735239675e+04
8.233341964544679286e+03
2.150960837288671974e+04
2.429295880134561230e+03
2.889703558427451208e+04
2.442605660150591120e+03
2.922948138798699802e+04
3.525442407093306247e+04
2.169780258912930367e+04
1.645096794019557638e+04
1.057456108424641752e+04
2.875766137398058709e+04
1.239111883180429231e+03
2.030869051379379380e+04
3.868916034347786990e+03
2.793107051275576396e+03
3.758041222096780075e+03
3.012689997899070295e+04
2.674551792168934844e+04
2.916529905527214942e+04
2.919735263242841393e+04
2.393631795150499966e+04
1.449330606369447742e+04
2.176079687236871541e+04
2.380101644251978360e+04
1.808790202352329288e+04
3.648841618879194357e+03
4.024528979334476389e+03
9.339241948441056593e+03
3.237582471960688963e+03
2.128227209296441652e+04
3.187182444091487559e+04
5.220953659212723323e+03
7.314302452911326327e+03
5.267444425461023457e+03
1.056374107967192685e+04
1.952056755450523633e+04
1.295833688386027825e+04
2.716785872569991261e+04
1.646428426672913702e+04
2.869027054015476097e+04
1.324780138075630202e+04
3.003357773010516030e+04
3.429168107056968893e+03
7.740178491970988034e+03
1.308348572331957257e+04
1.187139889486659558e+04
1.538119592154135171e+04
2.465031253795953489e+03
7.522925465275669922e+03
4.912816567015785040e+03
1.072118014657197591e+02
1.802542013202353019e+03
6.088878020903488505e+03
1.160816240249394650e+04
5.978315905989649764e+03
1.146266500338890728e+04
1.924980457991789444e+04
1.757277310658830538e+04
1.057783537042239732e+04
2.555672071442258311e+04
1.354982146412441762e+04
7.951774982133854792e+03
4.982775741757317519e+03
3.774213651277747886e+03
1.445595077257617959e+04
6.138867133433548588e+03
2.359775273408843350e+04
7.588060574120102501e+03
1.773640843206616773e+04
1.983598762218419506e+04
7.435697931635460009e+03
2.931895181915738794e+04
1.603154924496008789e+04
1.019288534644108950e+04
2.559152062886161366e+04
2.399530932400927668e+03
1.115939128294478542e+04
2.237437235600536587e+04
2.528837515485569747e+04
1.542281757001591541e+04
6.287539038498472109e+03
7.637291989997703240e+03
2.950417187506918708e+04
2.012872498132387045e+04
2.305165812202205780e+04
3.047174716926885594e+04
2.326826873940963560e+04
1.436930753388229823e+04
2.220992757300951780e+04
8.808240882982154289e+03
1.243635334162751678e+04
2.207973132404424541e+04
4.508471975023257983e+03
2.329616473948031125e+04
2.436266715964559990e+04
3.241302813847719517e+04
3.358520527896644489e+04
1.492951957433714597e+04
2.412363529479354838e+04
1.346123903851279283e+04
7.885942855915039218e+03
1.636801821694001956e+04
1.466778121958850534e+03
2.344834099278365102e+04
3.149305921835351546e+04
2.369004831713890781e+03
1.867414200221754436e+04
2.454559892835394203e+04
4.578250741356826438e+03
4.794275501423674541e+03
1.068617748953433875e+04
1.875319534456276187e+03
3.212770484547138767e+04
1.371225621752836014e+04
2.993938953357561331e+04
8.666481300393069205e+02
1.479627902061934037e+04
1.328642431411634607e+04
3.198120816345338608e+04
2.748459080278625697e+04
1.473578313709363283e+04
4.592421781198612507e+02
1.565028938964407644e+04
3.051303713797502132e+04
1.874638826371820687e+04
8.125070212516878200e+03
1.653237785686520147e+04
2.253872788713046975e+04
4.951244191948363550e+03
4.933934838997040970e+03
7.917004120920464629e+03
8.116640527865931290e+03
1.520368127451885630e+04
2.042942031461098668e+04
3.292825229176900757e+04
3.897620367821380569e+03
2.790593843346478388e+04
9.418886661527814795e+03
2.568545555786594923e+04
6.489659754369627080e+03
1.014022057075238081e+04
3.266084136817923081e+03
1.016061695277199215e+04
1.307739013335921663e+04
1.037625803954429102e+04
1.833307547227363830e+04
2.896233962359491125e+04
2.371298480036425099e+04
2.864674813992476629e+04
3.460163312489863893e+04
1.391705880698165129e+04
1.147578146403570827e+04
7.265255106711600092e+03
2.810848415378062418e+04
1.172172337432794120e+04
2.019877999557580188e+04
3.317731414929335006e+04
2.889466656086271541e+04
1.352505620396943232e+04
3.115197017416651215e+04
1.316362244110922620e+04
3.848854921814556747e+03
2.782636801568019291e+04
2.076683629728040614e+04
2.122822447895249752e+03
1.990640381746604544e+04
2.688009496651566224e+03
2.875850778732703020e+03
1.784863002135397619e+04
2.043897005407930919e+04
2.009835153676683149e+03
3.282214419055217149e+04
3.377962980039195827e+04
1.348072433113499983e+03
1.594031967354868721e+04
1.314565211554932466e+04
3.186143548969922267e+04
1.212304976108666233e+04
2.785038647102847790e+03
1.344155779957570303e+04
5.036413526365647158e+03
4.037993341307314950e+03
3.987718744456602508e+03
3.873989977279808227e+04
2.672660926567968272e+04
3.901263836070982506e+04
1.390054203364562272e+04
2.126481718232463027e+04
1.258827140791103920e+04
2.347854291735354491e+04
1.306307231684593899e+04
2.355027801208881647e+04
6.633091088015370588e+03
9.284910472069546813e+03
3.206734115274906799e+04
2.417958290522124662e+04
2.886878270960530790e+04
3.891005742993839249e+03
3.059068062163042123e+04
3.819882086286717822e+04
2.457958723750156423e+04
8.037970687994321452e+03
1.681502116796093105e+04
1.488626083375476446e+04
1.776934241317323540e+04
3.998241261141064751e+04
2.673726791075602159e+04
2.944248128105984870e+04
2.259414229973482725e+04
2.545888932924377514e+04
2.031874369316945013e+04
1.139987764206478823e+04
2.263490008215817579e+04
3.606158032860398089e+04
1.938650006176549869e+04
8.254392135406109446e+03
2.693454690702187509e+04
1.357517620703672219e+04
6.080591033001544019e+03
1.827377022644733370e+04
-4.484606818189099045e+02
3.558085194716259139e+04
1.049042822173722379e+04
1.294320040215361041e+04
2.472211810207897724e+04
2.555685360509197562e+04
1.816174448631432097e+04
2.404380854562531385e+04
1.915442815661591158e+04
2.402284987680098493e+04
2.737936861113051782e+04
1.949510416956096742e+04
3.622324526996249188e+04
2.276334790973486452e+04
2.010681903390404113e+04
2.675650416987183780e+04
2.085185224788732012e+04
6.673318217282178921e+03
6.829242868038244524e+03
3.309348561791407701e+04
2.353654640264388581e+04
2.597915188888784542e+03
2.407245554458469996e+04
1.837125764089315999e+04
2.103843956165291456e+04
4.523612432302946399e+04
1.591466434245049277e+04
1.975563621241975125e+04
8.343829843143839753e+03
2.255641621918146848e+04
2.947826853560444306e+03
2.399832960923326482e+03
4.370027753264796957e+03
4.202739050489300280e+04
1.368568981997240917e+04
6.122202558371191117e+03
1.144972289006122628e+04
1.186425134637569499e+04
1.849023111728968797e+04
1.346480429554462353e+04
9.316556347180467128e+03
9.049830244151709849e+03
6.347505516944962437e+03
1.949762915398396581e+04
2.416407840931645478e+04
1.707927806050231811e+04
2.499933384199129068e+04
2.839114883100619772e+04
1.943424511197653919e+04
9.417121232412555401e+03
2.517102800065027623e+04
2.352047849810068874e+04
1.837404745211032423e+04
2.675351015279514831e+04
3.027495698840195473e+04
1.132436981831167031e+04
2.714133381186895349e+04
2.423622496649350069e+03
2.150038206202075162e+04
2.490365873156179441e+04
2.160565919310366007e+04
4.550600346834903576e+03
3.220437259401471692e+03
1.043346330791741457e+04
3.851742698278922035e+03
6.150341297851965464e+03
2.395760946058245827e+04
9.307289897384527649e+03
1.137049327613228888e+04
2.076762202103183154e+04
2.162483060278889388e+04
2.364766027559269060e+04
3.227166963944667441e+04
1.262370671510796456e+04
1.226632100688889295e+04
8.334991063296069115e+03
2.983679482374753206e+04
5.575869413497109235e+03
9.254516163185842743e+03
2.014195693975100221e+04
3.501561493008922844e+04
3.248398936323502494e+04
2.056873031773208641e+04
2.088699738952971165e+04
1.353867906739731370e+04
1.874173118613788392e+04
5.996982852909584835e+03
3.405029089534779632e+04
2.601773330268728387e+04
3.257552137615592983e+03
7.458299987691578963e+02
3.332671013536182727e+04
2.121997948037577953e+04
2.687728167641516484e+04
2.421872328846893652e+04
4.342179045877717726e+04
1.040062176281880056e+04
7.214186860595871622e+03
3.324807348783822090e+04
1.595316581571933739e+03
1.035536200252684830e+04
4.324207143439280117e+03
1.802526446747886803e+04
3.203304189388029772e+04
1.569723850314283845e+04
4.132294277658451756e+04
3.387245729173374275e+04
2.265586853036823231e+04
6.682611574134589318e+03
3.791617915654129320e+04
3.533636672471719066e+04
2.770959806131319419e+04
1.056770592496515064e+03
1.419631480299784744e+04
1.978675600158355883e+04
2.108320303690623405e+04
2.397489389383063462e+04
2.768581450895030503e+04
2.601564378985864096e+04
1.025048496189676735e+04
1.709665080442934777e+04
7.398306655097146177e+03
2.939368032340686841e+04
1.997063175704295645e+04
3.999775981146626873e+04
1.417098410554594011e+04
2.308941496293285672e+04
8.293911810143674302e+03
2.791303922952325138e+03
1.005611053505315795e+04
3.313365882629723637e+04
3.005122363714381572e+04
5.117914488323954174e+03
3.276076309332641176e+04
2.868999484467262300e+04
4.195891479080769932e+04
1.383782954093664785e+03
1.933104255132226899e+04
1.403043554282654623e+04
3.208057231066859094e+04
2.023388683115067761e+04
2.792069870341742353e+04
2.604138672016501005e+04
2.567759088815198629e+04
2.398077489696018347e+03
3.026299025641007574e+03
1.567141206614747898e+04
1.835056945617434394e+04
7.241675135683000008e+03
2.399772202493642544e+04
1.590583620890922430e+04
2.117161576613693978e+04
1.968487052681861314e+04
2.988660132790419448e+04
1.966918785806095184e+04
3.981157672657514195e+04
1.881944542050790551e+04
1.691078645066167519e+04
2.563297862505721787e+04
1.062972556097824418e+04
3.443862215896018461e+04
3.064725037276899820e+04
3.799360447877206752e+04
1.455893818293889672e+04
2.314132428255512059e+04
2.900187962667430384e+02
3.203188278752814222e+04
1.167574668664207093e+04
1.670263262094588572e+04
2.398284504260395261e+04
2.500372297209878889e+04
1.469913746955616443e+04
3.281658955448358029e+04
4.023232820489236474e+04
1.673668685296236731e+02
2.507388672303217754e+04
1.659060917205079750e+04
2.050226322642998639e+04
3.174620169134113530e+04
6.211890605283305376e+03
3.351633328551718296e+04
8.444997787046844678e+03
3.826547445323465217e+04
4.892672683822293038e+03
2.959910322508712488e+04
4.005472206205152906e+04
3.268028191953740316e+04
8.567830776678438269e+03
3.126020865033078735e+04
2.185470869623948965e+04
8.596268823622389391e+03
