-4.690470154786621606e+02
6.736906991396675039e+03
-5.750160591984557641e+02
1.257197762262581051e+02
-1.306114968847951559e+03
2.611712399726834974e+03
-3.154241622700616858e+02
-3.559675019158802911e+02
-1.562171638950698707e+03
5.308823605706162425e+02
-7.500862151191419116e+02
-3.853205067543026416e+02
-6.464852298283467462e+02
-6.454223181345565763e+02
1.755220801833926998e+03
-1.236307186904733157e+02
-7.248735371057548491e+02
3.525775912620326380e+03
8.803248668135017851e+02
4.494367996289313965e+02
1.492947601616319275e+02
-3.378925448842019250e+02
1.656024659379797583e+02
-4.575527314850016865e+02
-5.237772818456112418e+02
3.704852817296769899e+03
-4.789999887747089247e+02
-4.185909816682843712e+02
6.625188457948092946e+03
-1.045089441936611934e+02
-2.663352327943214277e+02
1.736468987036574617e+03
-7.386210678714020332e+02
-1.834205224865034722e+01
-1.693645220197127230e+02
1.327128741979506685e+02
-3.660031529221188862e+02
2.041557718144846945e+01
-9.282669877607283979e+02
-9.018843143896888250e+02
3.054824488663310149e+03
-5.330265998013715034e+02
-2.163040180188340571e+02
-4.716335576284673152e+02
-3.150985620660079576e+02
4.616748856830116097e+02
-1.794237904901949321e+02
-5.757785040683604620e+02
-7.970390367535196674e+02
-1.780442565929010925e+02
-1.051477144046448984e+03
-7.124386626694945335e+01
9.139688349333125643e+02
-2.804029901680628996e+02
-7.956141061816356341e+02
1.223181754709699618e+02
-1.021426971408730537e+02
-3.747772713651839354e+02
3.417471493749331785e+03
-3.176121148966383316e+02
5.434753928509488787e+02
-9.036537987063119317e+02
7.808398388282374469e+01
1.936308107057753034e+02
-1.551486765966829182e+02
-2.811116732905396134e+02
1.627203145916319727e+03
2.241816307181152297e+03
7.609430013278192746e+02
1.532814644229107898e+03
5.084427919339904065e+02
2.223810573873588964e+03
-8.614287065406364263e+01
-5.838595421590254091e+02
-1.830397452464478647e+02
5.795687458627959359e+02
-6.784625407735006775e+02
-2.052939001259986469e+02
3.399651931008010251e+03
9.755177026173422519e+02
-3.502082538196436303e+02
-1.058448372659579718e+03
-1.118191486402248529e+03
-2.819306437107692886e+02
1.373229908262579784e+03
6.483084148563277438e+01
5.610274967420827124e+03
7.988550624372468292e+02
-4.247460562410739158e+02
-1.515808259523351353e+03
1.571380159400235925e+03
-5.776711805693876158e+02
-2.029336722876680028e+02
-4.678135985183964181e+02
-1.063927572462790572e+01
2.360084512790825102e+03
-1.149656837578080740e+03
6.253530387141544225e+02
6.343314788078278070e+02
1.582819898717768183e+03
2.626636747969311728e+03
-5.793504040980978971e+02
-3.235289684863884077e+02
2.558018214188979073e+03
-2.891191759828782324e+02
2.162933692695780337e+03
3.684910441897011992e+02
-1.126820839489274988e+02
-5.836109101067091132e+01
-4.691925692041146476e+02
-2.915410272279316928e+02
-3.981053503662406001e+02
3.930564326264561259e+03
-4.508795885392486298e+02
-4.354693467401157818e+02
2.092210211876755238e+03
1.885153560427442471e+03
3.395873233466368220e+02
1.545065500403800797e+03
5.945708320934643780e+03
5.702163604752247920e+03
1.445124621369458055e+03
3.158481228483997256e+03
7.799700157593410950e+02
3.238826895127869534e+02
-3.645936903151365414e+02
-1.147485051682542462e+03
1.171092463467957714e+02
-2.444110935677284999e+02
-8.703474757998995415e+01
-2.107911860080810698e+02
-6.528575157206789470e+01
-8.411799469267168661e+02
1.247350424442490294e+03
2.515745384178744189e+03
7.892490796104340234e+02
2.191812236130775204e+02
-4.272556072314607718e+02
1.882017234707406487e+03
6.300608858715233964e+02
1.691553202481595008e+03
2.577735826911911090e+02
-3.302018722165211102e+02
-2.097513658718808642e+02
-3.073296928449431107e+02
-4.313790385265564851e+02
-4.024798421940853359e+02
4.087032943779531706e+03
-9.467270624159825729e+02
-3.523657227719617140e+02
4.521965568422648175e+03
1.190411413939086060e+03
2.353085745749278601e+02
-1.283740043417015215e+02
5.146169718864053721e+03
-6.479091267023734417e+02
-1.887760950975178957e+02
5.054660321712781297e+02
-3.604461817250723357e+02
-1.605126094166483313e+02
8.582767294700647653e+02
-6.511217250012258262e+01
1.129160310382561192e+03
-2.094474189254715100e+02
-6.364105962434748420e+01
2.720306187378427239e+03
6.705387932595992879e+02
6.125174909492494635e+02
1.373744672242216609e+02
2.949803208397208323e+02
7.259645858782403138e+02
5.397360638876923531e+02
-6.876313882852814174e+01
2.352156340752840435e+01
-4.894998754504876501e+02
-3.339965404996068514e+02
-8.566463961482830882e+02
4.084882071835659758e+02
-9.744699232480764977e+02
1.054212740372974167e+03
-3.481362108498998396e+02
1.001517767075125903e+03
-1.735565142255184981e+02
4.683988960526080518e+03
4.534769054138299111e+02
1.129058789237031078e+03
1.108658153806716200e+03
1.501599252152744768e+01
2.080585480580151341e+02
-3.471519303984208022e+02
-7.837517351425425431e+02
7.502840626811758966e+02
-3.032483305907106796e+02
-1.890561121899357431e+03
-1.880808175576907502e+02
-2.652171565367142989e+02
3.376051868283495423e+03
2.988336342598529882e+03
2.198506627829445733e+03
2.488312882787303352e+03
-3.457141153307176751e+02
4.065538861918544455e+01
1.318301193940920939e+03
7.468406228716728492e+02
-1.207489258164817869e+02
8.285168233774588771e+02
-8.525850962904358994e+02
-5.471385886105190366e+02
-6.799531756409502350e+02
-9.513241730014436826e+02
4.015745839647413504e+03
4.055217858670574515e+03
2.213889217655901689e+02
-9.748983584804535951e+01
-4.898981460906714460e+02
-3.171568851009010928e+02
-5.646409067574981009e+02
2.079936228472692164e+03
1.037940030790477067e+03
5.255723131553463645e+02
-3.244401863345594279e+02
3.330837846294387873e+03
-2.899549901737149185e+02
-4.385087900740447822e+02
-8.040016737546344530e+02
1.352142326826483156e+02
3.627051691510245746e+03
-5.951569851618281746e+02
1.588626592340576508e+03
9.089989270190679918e+02
3.110456542665302777e+02
2.204930309013057013e+03
2.492411475666973729e+03
9.982058035824238686e+02
-9.340871972638068428e+02
2.282358263415984311e+03
1.241325061283569767e+03
-2.938085628754717504e+02
8.674659387070689718e+02
3.062413274878795164e+02
-1.188606514284315153e+03
1.579647364377333588e+03
-6.978765270075734861e+02
-1.152734721108541578e+02
5.032417615917759576e+03
-1.382967880473571540e+02
-9.858095271679118810e+01
1.561451207549612832e+02
-7.755022478259495529e+02
9.151932640544602293e+01
-6.979620752146219047e+02
-2.465695935019923013e+02
3.956650149088543913e+03
-4.397749459690239746e+02
1.346383753014706031e+02
1.241202144778847469e+03
8.540883832032661758e+02
3.938862117471151578e+03
5.100235075682114712e+02
3.942527642097241369e+03
4.853459972436265843e+02
4.301918604302374405e+01
-4.871445194061892039e+02
-4.243394783455154879e+02
-4.496907742195874675e+02
-8.091814122192803893e+01
1.842849451277813387e+03
2.646121018955352611e+02
5.370127295650859622e+01
-4.513957185628310640e+02
-7.164326491827733889e+02
-1.438857228714991550e+02
-3.579064481609708537e+02
5.742348794042626423e+02
-4.094370210298846473e+02
2.963541066234535037e+02
-3.347798310290469317e+02
2.006635832997143964e+01
8.608690485161693573e+01
-2.974892913350760182e+02
3.085321495502619200e+03
-5.796458818544228961e+02
7.629388378697675535e+02
-3.097276813983543775e+02
-3.038301253959614314e+02
8.392999756696130135e+03
-1.098071495015236962e+02
3.032708832809631076e+03
-7.938397520139197923e+02
-1.984904330552656404e+01
-1.220853757790269896e+02
2.741958256721237831e+03
-5.080017572593036448e+02
9.169735660040819312e+02
-3.366357165320075637e+02
2.910351355082113514e+03
-6.688411061304560690e+02
8.164158300778573221e+02
-2.173574098484301658e+02
-2.756504716278411138e+02
-2.786419891224713297e+02
-2.366722796312978403e+02
4.154830694766848865e+03
6.936118507119574588e+02
-2.714595337357914104e+02
-3.700374559258345020e+00
3.065410238793245298e+03
-2.001096947862446598e+02
7.107345908287584280e+03
-7.289637777720672602e+02
-5.346963919126847031e+02
7.655275095896241737e+02
1.422814781788534866e+01
-3.474768998612181576e+02
1.338151873762798687e+03
2.192839953820761423e+02
2.466116662274154805e+03
1.124699671733232435e+03
-5.960959592157978193e+01
-2.231735797836838060e+02
-2.021074762759964472e+01
1.947892989787311535e+03
-1.080726728621342318e+03
-2.695558915783607858e+02
1.163341230695979789e+02
3.416307974921701771e+03
6.491949950487828573e+03
-2.151782961963893968e+02
5.366666977970845437e+03
5.275975960465946628e+03
3.050791792836791046e+03
-4.108491667902277982e+02
3.898355029761570449e+02
1.034491907318934523e+02
-5.557350600184973928e+02
-1.425406687662118976e+01
-1.359207310676799807e+02
1.427513848746346241e+02
-5.700870128794922493e+02
8.256329533221723977e+02
-4.788884140395637701e+02
-1.748689815177966693e+02
-2.584445604559688903e+01
9.253970736466924336e+02
1.546358435481682818e+02
4.709011187845201675e+03
-6.444839202532814397e+02
-4.966121136984403961e+02
-1.662571083876640046e+02
9.177278850103310788e+02
-2.748057809661232653e+01
-4.874902971448120752e+02
1.790363328166518613e+03
5.286736552654519983e+03
6.058293858706051083e+01
3.326025290919138115e+03
-3.238811235771698307e+02
2.832241396564456295e+02
4.686754995564581805e+03
4.135325873371450633e+00
-1.172856536128326525e+03
1.751170659608815185e+03
1.283392814207080619e+03
4.777774415178227514e+02
2.605629330221159421e+02
-3.206128590645649865e+02
3.564586031366155225e+02
6.392414502866973436e+01
3.957628343510467857e+03
6.674597442681308621e+02
-6.490097924727259624e+02
1.865406212769494005e+03
-4.232749212163625998e+02
8.302234962275734631e+01
2.069527104081942923e+02
2.695214598174219987e+02
-6.251427218488067865e+02
-2.660213158762593366e+02
-1.910138039940503916e+02
3.570102099324205938e+03
6.888446304167459857e+02
-1.509645292442630478e+02
-4.148034525428157053e+02
-4.193286357663389481e+02
-4.020871603690786174e+02
-1.173984081424366082e+02
1.955959999551508872e+03
3.867064010360593898e+02
1.605791921440988062e+03
3.674988577915758015e+03
1.272744168968663189e+03
7.305894780512229545e+02
-3.869021223880155276e+02
-4.474063171252699362e+02
-1.995987696227125525e+02
1.645555758857572300e+03
4.835126730385032715e+03
3.735412271949124943e+02
-7.025661626187180673e+02
1.216267423526242510e+03
