-4.690470154786621606e+02
6.736906991396675039e+03
-5.750160591984557641e+02
1.257197762262581051e+02
-1.306114968847951559e+03
2.611712399726834974e+03
-3.154241622700616858e+02
-3.559675019158802911e+02
-1.562171638950698707e+03
5.308823605706162425e+02
-7.500862151191419116e+02
-3.853205067543026416e+02
-6.464852298283467462e+02
-6.454223181345565763e+02
1.755220801833926998e+03
-1.236307186904733157e+02
-7.248735371057548491e+02
3.525775912620326380e+03
8.803248668135017851e+02
4.494367996289313965e+02
1.492947601616319275e+02
-3.378925448842019250e+02
1.656024659379797583e+02
-4.575527314850016865e+02
-5.237772818456112418e+02
3.704852817296769899e+03
-4.789999887747089247e+02
-4.185909816682843712e+02
6.625188457948092946e+03
-1.045089441936611934e+02
-2.663352327943214277e+02
1.736468987036574617e+03
-7.386210678714020332e+02
-1.834205224865034722e+01
-1.693645220197127230e+02
1.327128741979506685e+02
-3.660031529221188862e+02
2.041557718144846945e+01
-9.282669877607283979e+02
-9.018843143896888250e+02
3.054824488663310149e+03
-5.330265998013715034e+02
-2.163040180188340571e+02
-4.716335576284673152e+02
-3.150985620660079576e+02
4.616748856830116097e+02
-1.794237904901949321e+02
-5.757785040683604620e+02
-7.970390367535196674e+02
-1.780442565929010925e+02
-1.051477144046448984e+03
-7.124386626694945335e+01
9.139688349333125643e+02
-2.804029901680628996e+02
-7.956141061816356341e+02
1.223181754709699618e+02
-1.021426971408730537e+02
-3.747772713651839354e+02
3.417471493749331785e+03
-3.176121148966383316e+02
5.434753928509488787e+02
-9.036537987063119317e+02
7.808398388282374469e+01
1.936308107057753034e+02
-1.551486765966829182e+02
-2.811116732905396134e+02
1.627203145916319727e+03
2.241816307181152297e+03
7.609430013278192746e+02
1.532814644229107898e+03
5.084427919339904065e+02
2.223810573873588964e+03
-8.614287065406364263e+01
-5.838595421590254091e+02
-1.830397452464478647e+02
5.795687458627959359e+02
-6.784625407735006775e+02
-2.052939001259986469e+02
3.399651931008010251e+03
9.755177026173422519e+02
-3.502082538196436303e+02
-1.058448372659579718e+03
-1.118191486402248529e+03
-2.819306437107692886e+02
1.373229908262579784e+03
6.483084148563277438e+01
5.610274967420827124e+03
7.988550624372468292e+02
-4.247460562410739158e+02
-1.515808259523351353e+03
1.571380159400235925e+03
-5.776711805693876158e+02
-2.029336722876680028e+02
-4.678135985183964181e+02
-1.063927572462790572e+01
2.360084512790825102e+03
-1.149656837578080740e+03
6.253530387141544225e+02
6.343314788078278070e+02
1.582819898717768183e+03
2.626636747969311728e+03
-5.793504040980978971e+02
-3.235289684863884077e+02
2.558018214188979073e+03
-2.891191759828782324e+02
2.162933692695780337e+03
3.684910441897011992e+02
-1.126820839489274988e+02
-5.836109101067091132e+01
-4.691925692041146476e+02
-2.915410272279316928e+02
-3.981053503662406001e+02
3.930564326264561259e+03
-4.508795885392486298e+02
-4.354693467401157818e+02
2.092210211876755238e+03
1.885153560427442471e+03
3.395873233466368220e+02
1.545065500403800797e+03
5.945708320934643780e+03
5.702163604752247920e+03
1.445124621369458055e+03
3.158481228483997256e+03
7.799700157593410950e+02
3.238826895127869534e+02
-3.645936903151365414e+02
-1.147485051682542462e+03
1.171092463467957714e+02
-2.444110935677284999e+02
-8.703474757998995415e+01
-2.107911860080810698e+02
-6.528575157206789470e+01
-8.411799469267168661e+02
1.247350424442490294e+03
2.515745384178744189e+03
7.892490796104340234e+02
2.191812236130775204e+02
-4.272556072314607718e+02
1.882017234707406487e+03
6.300608858715233964e+02
1.691553202481595008e+03
2.577735826911911090e+02
-3.302018722165211102e+02
-2.097513658718808642e+02
-3.073296928449431107e+02
-4.313790385265564851e+02
-4.024798421940853359e+02
4.087032943779531706e+03
-9.467270624159825729e+02
-3.523657227719617140e+02
4.521965568422648175e+03
1.190411413939086060e+03
2.353085745749278601e+02
-1.283740043417015215e+02
5.146169718864053721e+03
-6.479091267023734417e+02
-1.887760950975178957e+02
5.054660321712781297e+02
-3.604461817250723357e+02
-1.605126094166483313e+02
8.582767294700647653e+02
-6.511217250012258262e+01
1.129160310382561192e+03
-2.094474189254715100e+02
-6.364105962434748420e+01
2.720306187378427239e+03
6.705387932595992879e+02
6.125174909492494635e+02
1.373744672242216609e+02
2.949803208397208323e+02
7.259645858782403138e+02
5.397360638876923531e+02
-6.876313882852814174e+01
2.352156340752840435e+01
-4.894998754504876501e+02
-3.339965404996068514e+02
-8.566463961482830882e+02
4.084882071835659758e+02
-9.744699232480764977e+02
1.054212740372974167e+03
-3.481362108498998396e+02
1.001517767075125903e+03
-1.735565142255184981e+02
4.683988960526080518e+03
4.534769054138299111e+02
1.129058789237031078e+03
1.108658153806716200e+03
1.501599252152744768e+01
2.080585480580151341e+02
-3.471519303984208022e+02
-7.837517351425425431e+02
7.502840626811758966e+02
-3.032483305907106796e+02
-1.890561121899357431e+03
-1.880808175576907502e+02
-2.652171565367142989e+02
3.376051868283495423e+03
2.988336342598529882e+03
2.198506627829445733e+03
2.488312882787303352e+03
-3.457141153307176751e+02
4.065538861918544455e+01
1.318301193940920939e+03
7.468406228716728492e+02
-1.207489258164817869e+02
8.285168233774588771e+02
-8.525850962904358994e+02
-5.471385886105190366e+02
-6.799531756409502350e+02
-9.513241730014436826e+02
4.015745839647413504e+03
4.055217858670574515e+03
2.213889217655901689e+02
-9.748983584804535951e+01
-4.898981460906714460e+02
-3.171568851009010928e+02
-5.646409067574981009e+02
2.079936228472692164e+03
1.037940030790477067e+03
5.255723131553463645e+02
-3.244401863345594279e+02
3.330837846294387873e+03
-2.899549901737149185e+02
-4.385087900740447822e+02
-8.040016737546344530e+02
1.352142326826483156e+02
3.627051691510245746e+03
-5.951569851618281746e+02
1.588626592340576508e+03
9.089989270190679918e+02
3.110456542665302777e+02
2.204930309013057013e+03
2.492411475666973729e+03
9.982058035824238686e+02
-9.340871972638068428e+02
2.282358263415984311e+03
1.241325061283569767e+03
-2.938085628754717504e+02
8.674659387070689718e+02
3.062413274878795164e+02
-1.188606514284315153e+03
1.579647364377333588e+03
-6.978765270075734861e+02
-1.152734721108541578e+02
5.032417615917759576e+03
-1.382967880473571540e+02
-9.858095271679118810e+01
1.561451207549612832e+02
-7.755022478259495529e+02
9.151932640544602293e+01
-6.979620752146219047e+02
-2.465695935019923013e+02
3.956650149088543913e+03
-4.397749459690239746e+02
1.346383753014706031e+02
1.241202144778847469e+03
8.540883832032661758e+02
3.938862117471151578e+03
5.100235075682114712e+02
3.942527642097241369e+03
4.853459972436265843e+02
4.301918604302374405e+01
-4.871445194061892039e+02
-4.243394783455154879e+02
-4.496907742195874675e+02
-8.091814122192803893e+01
1.842849451277813387e+03
2.646121018955352611e+02
5.370127295650859622e+01
-4.513957185628310640e+02
-7.164326491827733889e+02
-1.438857228714991550e+02
-3.579064481609708537e+02
5.742348794042626423e+02
-4.094370210298846473e+02
2.963541066234535037e+02
-3.347798310290469317e+02
2.006635832997143964e+01
8.608690485161693573e+01
-2.974892913350760182e+02
3.085321495502619200e+03
-5.796458818544228961e+02
7.629388378697675535e+02
-3.097276813983543775e+02
-3.038301253959614314e+02
8.392999756696130135e+03
-1.098071495015236962e+02
3.032708832809631076e+03
-7.938397520139197923e+02
-1.984904330552656404e+01
-1.220853757790269896e+02
2.741958256721237831e+03
-5.080017572593036448e+02
9.169735660040819312e+02
-3.366357165320075637e+02
2.910351355082113514e+03
-6.688411061304560690e+02
8.164158300778573221e+02
-2.173574098484301658e+02
-2.756504716278411138e+02
-2.786419891224713297e+02
-2.366722796312978403e+02
4.154830694766848865e+03
6.936118507119574588e+02
-2.714595337357914104e+02
-3.700374559258345020e+00
3.065410238793245298e+03
-2.001096947862446598e+02
7.107345908287584280e+03
-7.289637777720672602e+02
-5.346963919126847031e+02
7.655275095896241737e+02
1.422814781788534866e+01
-3.474768998612181576e+02
1.338151873762798687e+03
2.192839953820761423e+02
2.466116662274154805e+03
1.124699671733232435e+03
-5.960959592157978193e+01
-2.231735797836838060e+02
-2.021074762759964472e+01
1.947892989787311535e+03
-1.080726728621342318e+03
-2.695558915783607858e+02
1.163341230695979789e+02
3.416307974921701771e+03
6.491949950487828573e+03
-2.151782961963893968e+02
5.366666977970845437e+03
5.275975960465946628e+03
3.050791792836791046e+03
-4.108491667902277982e+02
3.898355029761570449e+02
1.034491907318934523e+02
-5.557350600184973928e+02
-1.425406687662118976e+01
-1.359207310676799807e+02
1.427513848746346241e+02
-5.700870128794922493e+02
8.256329533221723977e+02
-4.788884140395637701e+02
-1.748689815177966693e+02
-2.584445604559688903e+01
9.253970736466924336e+02
1.546358435481682818e+02
4.709011187845201675e+03
-6.444839202532814397e+02
-4.966121136984403961e+02
-1.662571083876640046e+02
9.177278850103310788e+02
-2.748057809661232653e+01
-4.874902971448120752e+02
1.790363328166518613e+03
5.286736552654519983e+03
6.058293858706051083e+01
3.326025290919138115e+03
-3.238811235771698307e+02
2.832241396564456295e+02
4.686754995564581805e+03
4.135325873371450633e+00
-1.172856536128326525e+03
1.751170659608815185e+03
1.283392814207080619e+03
4.777774415178227514e+02
2.605629330221159421e+02
-3.206128590645649865e+02
3.564586031366155225e+02
6.392414502866973436e+01
3.957628343510467857e+03
6.674597442681308621e+02
-6.490097924727259624e+02
1.865406212769494005e+03
-4.232749212163625998e+02
8.302234962275734631e+01
2.069527104081942923e+02
2.695214598174219987e+02
-6.251427218488067865e+02
-2.660213158762593366e+02
-1.910138039940503916e+02
3.570102099324205938e+03
6.888446304167459857e+02
-1.509645292442630478e+02
-4.148034525428157053e+02
-4.193286357663389481e+02
-4.020871603690786174e+02
-1.173984081424366082e+02
1.955959999551508872e+03
3.867064010360593898e+02
1.605791921440988062e+03
3.674988577915758015e+03
1.272744168968663189e+03
7.305894780512229545e+02
-3.869021223880155276e+02
-4.474063171252699362e+02
-1.995987696227125525e+02
1.645555758857572300e+03
4.835126730385032715e+03
3.735412271949124943e+02
-7.025661626187180673e+02
1.216267423526242510e+03
-4.196748762737328775e+02
-4.970059800410849675e+02
1.172170807042911065e+03
-4.624044353082487078e+02
-4.251521000260469236e+02
1.185442440737877405e+03
-7.197294299601867351e+02
-3.552009444264899116e+02
4.469926066049778456e+03
3.304099167446082447e+03
3.829399839271851306e+03
-1.821505454393582113e+02
6.283208310429232597e+02
-5.669787877551189013e+02
7.407020190842202965e+02
4.214121208378382022e+01
5.034066330916321022e+02
-4.094963238845268734e+02
2.820772693170540357e+00
3.440921332198149685e+03
-2.249843453027506541e+02
-5.292050593380000691e+02
-1.858054895660550301e+02
2.672709868396979800e+03
3.922105785565498991e+03
3.008920100840266514e+03
2.840404306287605777e+03
1.846054870954237686e+03
2.048686772604236012e+03
-1.648066569123275258e+02
2.615463474962796795e+02
-2.295996961172373858e+02
-3.802181020054827627e+02
-4.540101212103535318e+02
8.323641825468911293e+02
1.014282608683818808e+03
8.646290868868607049e+02
-4.737521868869459922e+02
5.987981168667297993e+01
-7.722083455149559086e+02
1.553948003939925002e+03
-5.498675496917076799e+01
2.317304015655877265e+03
1.160870770336278213e+02
-2.899430844448028211e+01
-4.461599560065039896e+02
6.703262974289181329e+03
1.020375786353701187e+03
-3.069845797888577863e+02
-3.514173750654742321e+02
-5.703215331426714556e+02
1.372107338561521374e+03
1.210521165529170275e+03
9.639358231242212582e+01
-5.445290709940238685e+02
7.878613038470018637e+02
-8.613159278524524325e+02
-1.238283238159434489e+02
-3.966914965693292743e+02
-4.545154229814101541e+02
1.662921290666113691e+03
5.437423279519812240e+03
-2.945770805425268577e+02
2.713526646565082387e+02
2.180675964792260402e+03
7.096154742659972499e+02
2.941638659931754319e+03
4.015787740157801636e+03
2.072609586410777283e+01
7.140077380086927406e+02
5.169778724290551509e+03
3.984140418503675392e+03
-7.047983731834373202e+02
-7.344714079153962984e+02
-8.215368997568129998e+02
1.514496023869726741e+03
-5.094945747941296759e+02
3.348203796683771998e+03
2.148954884659490745e+03
6.166353808374055916e+03
-1.248960941137088980e+02
1.332777359753222584e+02
1.133267111963036541e+03
4.963338171983692604e+01
-1.492752571179657934e+03
-4.792655029709573711e+01
-3.236737599709912274e+02
1.875849028355246901e+03
2.825144301445959627e+02
2.317450739836555385e+03
-1.118282881551049535e+01
-1.145393727617797168e+02
6.816713632880303521e+03
1.182675609726727998e+03
-2.132461763113673214e+02
-3.570698347369246903e+02
1.562000158767448283e+03
1.867331064874801996e+03
-4.066723438271604323e+02
5.484706103883376045e+02
-1.415076774524982852e+02
-2.460167289133865438e+02
3.722145140599023989e+02
6.360001592017712255e+02
1.954019637084820715e+03
4.105868997774477975e+02
6.318140123259865504e+03
2.146289550457973291e+03
2.844547740469989549e+03
-5.987601903178022766e+00
-2.630951648356251553e+02
-5.189271772661464865e+02
2.850855101736724009e+03
-8.093797447436336370e+02
4.927222087533780126e+01
1.028041056496421106e+03
5.896147689686877129e+02
4.376799781033009822e+03
-2.457785915703506703e+02
-2.782859134001503207e+02
1.418627576102571766e+03
2.702435429316594195e+02
1.392151727764167163e+03
-1.908239211770702752e+02
6.875272166132085658e+03
-3.296642624831317647e+01
-6.161552630543171745e+02
-4.570767659907543248e+02
6.201950222980484995e+01
-5.661146678725255015e+02
-5.342347326107114895e+02
1.647803853605768722e+02
4.793516099069538541e+03
-3.632148703873994577e+02
-2.562956004116114741e+02
-1.508314102019324707e+02
1.274290390629470039e+03
3.622960536252845941e+03
7.605367085508180480e+02
-7.463175007277934583e+02
7.141705482883906370e+03
-9.028782238203048394e+01
1.403919160653273138e+03
6.577142250371141927e+03
2.678529804938897087e+03
-2.585604613892613770e+02
-7.179233697775217706e+02
4.258604926007471477e+03
5.460436504246720233e+02
2.956722419205309507e+02
4.621540794530474159e+03
-3.719705252134804709e+02
-3.575909041960334207e+02
2.853318479399831631e+03
-1.262223857898481754e+02
-4.047174045470800934e+02
5.489700098380106283e+03
-3.109379655290844653e+02
3.309584626474818378e+03
9.054755479243336822e+02
5.536144205426731787e+03
7.064269174777428816e+03
1.693574881452212139e+03
2.955706116558821464e+02
6.264418472008383105e+02
-5.101092353291116410e+02
-2.430847274105555300e+02
-2.760209418676037103e+02
3.296378568543793790e+03
-6.734493368695505069e+02
6.207364108437975148e+00
-2.467921483295396854e+02
2.808246887005207668e+02
1.228126285638070613e+03
1.317581697575678845e+03
5.175377158606662306e+03
-1.380443831049086079e+00
1.106059371478040703e+04
5.655629541074837107e+03
7.624780117401968482e+02
-4.454736142215037944e+02
4.813010912221880062e+03
6.016346355929702440e+03
6.506716402111550224e+02
-1.516935084693288331e+02
-5.068927379635163106e+02
-5.539520888871476245e+02
4.920067688612062966e+02
-5.439303058904387171e+02
2.473029013374559781e+03
8.479972519676706725e+03
2.207264432721121011e+03
3.425715863258677132e+02
-2.768993018806774558e+02
3.283641897241664651e+02
2.322287353026791607e+03
2.283439425060888425e+03
9.739126291766760914e+02
5.721676752167039012e+03
-6.738235442068224756e+01
3.281273224575989389e+03
1.522858503101544443e+02
9.547022542967341678e+02
-3.950956285102617471e+02
2.068766695310103387e+03
3.514460327907967439e+03
-3.352447301648449525e+02
-2.799696629845344660e+02
-2.156293382377638750e+02
-2.761107860449150166e+02
4.217528422611377209e+03
7.994947305052632146e+03
3.027738715571594525e+02
1.682445552631697183e+03
-1.295891287787378133e+03
6.403360501156838609e+02
5.356313489425046100e+03
1.757268766236986721e+03
-1.030591330868821274e+02
3.641047377331365169e+03
3.918444555207747271e+03
5.929513129694118106e+03
-9.492021258106226469e+02
3.042820396291713223e+02
5.294211715532010203e+02
1.452942210377449783e+03
7.247877167601673136e+02
-2.027423856003842957e+02
2.990697487550325604e+03
3.737367553777101421e+03
7.219963416976860060e+01
6.759415701427369640e+03
5.822726805067813984e+03
-2.547331335534087060e+01
-3.755915299970455976e+02
5.661293806568796754e+03
8.780267995069115727e+01
2.745345998007019261e+03
1.268216140274494819e+03
-3.418355718147197990e+02
-5.236262259423098158e+02
8.857721232398398570e+02
1.480113078163592775e+02
5.907452081684061341e+03
-7.859587274015210596e+02
-7.026309663394162897e+01
1.015115381240289707e+03
-4.323415629680963548e+02
1.649902034390540848e+02
7.122092210388534568e+02
-6.477950708464102263e+02
-6.651205768989290164e+02
-4.732760675889093704e+02
2.235320330237113922e+02
2.105474268802177903e+03
5.066964004079147230e+02
5.293175117748796765e+03
9.213899797411062536e+03
-2.577961468232633706e+02
9.501238559036498827e+02
3.182649170657415993e+02
5.344050026922801635e+02
4.128365161903650005e+03
5.009064505105543503e+02
-3.688485250790081409e+02
-4.182962173375740349e+02
1.513852911348329599e+03
2.469593679818407963e+03
9.278699867286419249e+03
6.128916142669180772e+03
7.462470410512734816e+03
-1.041176486628320163e+03
5.255020149017979065e+02
-1.452722831590341457e+02
-3.399127114106308909e+02
5.079469387369043943e+03
-2.915671517394828243e+02
-2.893559201631748010e+02
2.170992741511654913e+03
1.231581159291226186e+03
1.766843934240228009e+03
-1.034269787220350054e+03
-2.270599638745705420e+02
-6.374494422358054635e+02
6.926334306248925259e+02
5.073988216831521072e+02
4.639074139399306063e+01
-4.170189940362397465e+02
1.666124843142667487e+03
1.313847340763574948e+03
4.561929584205604726e+01
1.579847455245415404e+04
-6.640991676909286525e+02
-5.163948151110662366e+02
1.454248130558706407e+03
6.776999444350249178e+02
-4.851294455248709028e+02
2.045443725864113844e+02
3.421680398333112862e+03
6.678508943087746047e+03
3.690815942393493856e+02
-2.849345782921103591e+02
1.283865959983070297e+03
2.359493134469406073e+02
4.517501284970678057e+02
-4.502580394824469181e+02
4.095004853084240494e+03
8.198243567577375757e+01
-2.452573392270450086e+02
7.871261386863942562e+02
7.982071656750908915e+03
-6.649864953834504888e+01
3.665202126549374498e+03
1.031231256939665582e+04
7.561740067186444776e+02
7.225275287984364923e+02
6.645946380335674803e+03
4.872387288742733062e+02
1.725149856518581373e+03
-2.322535937089257629e+02
-3.107373961079271112e+02
-3.777594044157155508e+02
7.193674273356748927e+03
-2.422587324173893819e+02
5.498257204633376887e+02
-4.183433155770059670e+02
1.212719103368073775e+03
7.878334776565434368e+03
1.957468184915905795e+03
2.169119893493521886e+03
2.248367355438953382e+03
1.381606885669589701e+03
2.884251093100903290e+03
7.995941049485436452e+02
4.209016001763262466e+03
1.473698662142945614e+04
8.062135481462680673e+02
1.670231410780658962e+03
3.629141626461599571e+03
-3.252008035690747079e+02
2.912192023101960785e+03
1.354215213334211285e+03
-2.406486982426878853e+02
-3.257307452620366917e+02
2.279769346836534169e+03
6.084600844478717363e+02
6.246784723291694718e+03
6.280415475739881913e+03
-3.131893952851028189e+02
-5.921637098160788355e+02
-1.672652446526912513e+02
2.162237251634081076e+03
4.685303169593171333e+03
3.269103351657588064e+03
5.996050113348537707e+02
8.885423161737388682e+02
-8.600768427289066267e+02
5.445945710476403292e+02
9.895705270905258431e+02
6.838740375315315760e+03
3.386503696448989558e+03
6.009122633799979667e+03
6.033329362077012775e+03
5.446872942438992141e+03
5.492691622711679429e+02
4.524276107087271157e+03
6.057368587034498887e+03
7.205189090436931565e+02
3.213671427355097421e+03
1.617338108035835148e+03
3.697287229818695778e+03
-4.927545911514818044e+02
5.842368269276394130e+03
3.945868454267849302e+03
2.197669477099541837e+03
-1.159500640083541157e+03
-2.833093503552894958e+02
-4.458252052333953088e+02
3.588213515431446922e+03
9.769010724522044598e+01
1.163751374452709513e+02
-8.517326222088286158e+02
1.355559498939586319e+03
9.180491979148160681e+03
-1.853542993344549359e+02
3.908656373418620547e+02
-6.263803005065959724e+02
7.254438620641757325e+02
1.914336107642437810e+03
-2.510451654580785430e+02
4.984505876766508663e+03
-2.720774949055166303e+02
4.448412679892180677e+03
1.534833437087827406e+03
2.688537046918565466e+03
2.875503394584777652e+03
-4.687386731034594050e+02
9.501000480352463455e+02
-3.239129660339277734e+02
1.654295387966634507e+03
3.954135966826921162e+02
6.175380429957933757e+02
2.218743569279743951e+03
3.068627575738604719e+03
7.786616267518806467e+01
-6.341615105324795820e+01
5.864826994331561764e+03
3.257380966471053853e+03
8.284559184522377109e+03
-3.873922039076064721e+02
4.220968811950667259e+03
1.312689904119414223e+03
4.383974555010238873e+03
4.279375362313697224e+03
2.085868332048753018e+03
9.361665165315798731e+03
7.200347678300565804e+02
8.659213961468542493e+02
1.196571467309157242e+03
3.587090246614337957e+03
-4.020327372214335355e+02
-3.928226097845781055e+02
1.595511258600893825e+03
7.603295134296486140e+02
-1.929818831155607484e+01
1.999882951581240832e+03
3.440825252394674862e+02
1.292202700504928089e+03
4.940220027370376670e+02
-2.193127694784214441e+02
4.826939777932957440e+03
9.020997314175350539e+02
6.772679524185718947e+02
4.143814087986999766e+03
9.014206414201278676e+03
1.816958853962831654e+03
6.407141554152936806e+03
-1.669698640905903346e+02
3.868097547157448844e+03
-5.841781758888153320e+01
9.096686701718484755e+02
1.627267579393807409e+03
8.968759416953607797e+03
3.161147656588998984e+02
3.552148439872737072e+03
-6.966974372747472444e+01
-4.537740152630744461e+01
7.964113947825764228e+01
4.279277894295663828e+03
8.189498782803210588e+02
-1.449037036319297727e+02
6.900539263763324925e+03
1.156538317020907698e+03
8.953835928776521541e+03
2.343026401915627048e+03
4.451110328118793973e+02
-2.800468448430365811e+02
1.747609171059395067e+03
1.139656776880534835e+03
3.514248355913957766e+03
-2.399536458320730219e+02
-3.648065937364307274e+02
5.747993108960995414e+03
1.365678768722727227e+03
1.706542988704054778e+03
7.402856996010895045e+02
-1.439204876377813491e+02
2.293958870710123847e+03
1.203383264773959581e+03
8.345395220054983838e+02
-6.386170989510487743e+02
7.620303243218580747e+02
4.956677622569327468e+03
-5.966463882706700588e+02
1.525393361739445254e+03
-2.294594459877251609e+02
4.877882940174735040e+02
3.116642801464129661e+03
2.669494519546456559e+03
-3.221069528959001360e+01
-1.958183135707313056e+02
2.610356156589336479e+03
8.995802450449211392e+03
-1.345605805025213613e+02
6.236471015541956149e+03
1.627575133923206522e+03
8.637257825231922652e+02
1.572430785120512155e+03
7.042187008634584345e+03
3.378511119810048058e+03
8.841162333742838655e+02
-1.190531044058618306e+02
1.704342160406508265e+04
2.057497959180074304e+03
8.718040837309730478e+02
-5.360777541499464860e+02
-2.616044771850212669e+02
1.234292283851873208e+03
1.015231031559390772e+03
-4.622934409337623265e+02
6.011112147385122626e+03
8.366202915815481902e+03
-1.008536647387187344e+02
-3.422791713764650581e+02
2.748007205218200397e+02
1.787193438906876963e+03
7.121611880883080630e+03
3.161929152385248017e+03
6.679370092439846303e+03
-2.600168959438670981e+02
-3.766604248549757585e+02
-1.378660770802619027e+02
4.480289494717788330e+03
7.009086166635622703e+02
3.926360632330429326e+03
5.478286444964973271e+03
9.729836281366346157e+03
4.185348309278841953e+03
2.228491208717986751e+02
3.907029269862910041e+02
-5.739521964316097069e+01
6.740785379907053539e+03
1.364777047650376517e+04
2.484165784181038816e+03
1.131510223207352965e+03
6.396458807400840669e+03
2.824249105764404248e+03
5.146040265037904646e+03
1.125688525559832442e+03
1.804910956346121793e+03
3.627988102513005742e+03
1.356957444519580065e+02
3.420980713577371716e+03
1.318351560190775126e+04
3.256464357566689159e+03
4.989849596284031577e+03
1.779263050697262315e+03
-1.997460062062915540e+02
9.777280325944010428e+02
1.399402520774207915e+03
1.880174190001147053e+03
5.669318567783680010e+02
8.073825099978293451e+01
4.491105416686505123e+03
-6.257453248070059999e+02
1.393863314513202022e+04
1.808350268599516312e+03
2.985998523507913660e+02
8.512665161533058154e+02
1.758666315716383451e+03
-4.223608085878112206e+02
-3.555852961770964384e+02
-4.992101764378994631e+02
1.274951887213132977e+03
1.442997136897934070e+03
1.913846669410441109e+03
-2.455461631128573856e+02
4.201025140524854578e+03
2.454735407634341755e+03
3.352267784248623229e+03
-5.311658330675366813e+01
1.060376050183514781e+04
-5.210423181227614577e+02
5.928192432727466610e+01
3.430767078283278352e+03
-2.360547648841989314e+02
5.327183185483637317e+03
1.868693612620232898e+03
2.806079527701323059e+03
2.207150220777980394e+03
4.545450345637368628e+03
1.226902692270410989e+04
1.570873542543788426e+04
5.068113648755671079e+02
7.721041885754216310e+03
4.250731689821897703e+02
4.174237783638880046e+02
1.892164276403236727e+03
2.809024676768779955e+03
9.793195003691436796e+03
2.094268991907649706e+03
2.922492588583401357e+03
1.653379466799252623e+04
3.142978703213589711e+02
-4.127223982075345816e+02
2.377378126384605366e+03
9.186816362632509481e+03
2.390749093669680576e+02
1.053405791189677757e+03
1.290105453828896543e+03
1.446173952935270108e+03
1.109968908026211011e+03
2.154175667090747197e+02
-2.742998967902736922e+02
9.274671549322932833e+02
4.680271956655633403e+03
1.200075019302139481e+03
6.073366833073816451e+03
8.101454024394406588e+03
1.039624431259678386e+04
5.421472489132095689e+03
1.692686383520402842e+03
-5.765515992129451206e+02
5.594730147501433748e+03
-2.516516616523645951e+02
1.428800446387235297e+03
1.094354649651273576e+04
5.298423053512734441e+03
1.261233794115676574e+03
2.627141423265156391e+03
4.163964741949917880e+03
4.543877302425266862e+03
3.990547893823401182e+02
1.690589492680214335e+03
-1.210361445885089893e+02
2.781610298498265820e+03
-5.038271287528130529e+02
2.460573988944490793e+03
1.621358247345845029e+03
1.306281918586792699e+03
1.030301045130439661e+03
1.176312116207076178e+04
-2.292974986616092394e+02
4.111110797657554485e+02
4.135938790413520110e+03
9.891618613470140190e+03
7.574794239947331334e+03
6.006643152684295046e+02
2.853710795678355794e+02
3.686493107642990026e+02
1.502913275747109537e+03
6.103582789693473387e+03
-1.630978967634586354e+02
8.095952171668689061e+02
5.077983802960094977e+02
-5.224018934152726388e+02
1.432599089781443126e+03
6.532567008140426879e+03
2.162776811268297024e+03
2.773562550447257763e+03
9.468085225810460543e+03
1.650782572974277173e+03
2.480098962120544002e+03
2.652842876536297263e+04
1.864394332622238835e+03
1.145877202520349601e+04
5.999994977845877656e+03
-4.952675744909709010e+02
4.719566971391121797e+02
4.985170504003131668e+02
1.220133296189128032e+03
1.789014923284086308e+03
-5.115200986559420357e+02
3.912739251661096205e+03
6.738944971103280295e+03
8.117815635637890409e+03
3.092918863792603133e+03
-9.114525461230466874e+01
3.785019310181007313e+03
5.415422533078739434e+03
1.432878911150799695e+03
1.268089872753418422e+04
2.985638848648259227e+03
2.531279685653471461e+03
2.208361969486888847e+04
2.417364749452303840e+01
4.172943334752179680e+02
4.852664936373927048e+03
1.265621529795662127e+03
7.102079920515133381e+03
1.620345911872099805e+03
1.847742557937381491e+01
1.585955149304078986e+03
-1.757358860427052250e+01
2.484665430201537220e+03
2.604852516510918122e+03
1.864807854617512248e+03
2.135374414142846945e+04
-6.159200427009003533e+02
2.218086500126198189e+03
1.379623215907822441e+03
4.354452055806485987e+03
3.514500682672394760e+03
1.865891856520366900e+03
4.504269340807762092e+03
1.065935420328806003e+03
2.095791646725880128e+03
2.798153619488653476e+03
2.589044847146833035e+03
-5.031076923122420226e+02
9.399120253677077130e+01
8.158636067864713937e+01
1.522105570963015089e+04
9.345115014747839268e+02
7.201632545585135631e+03
-7.101235182848582781e+02
3.038915277679373048e+03
3.718545312371468299e+02
4.004892271383187563e+03
-3.894703680971198878e+02
-1.065558725147600683e+01
2.152968011785097769e+04
1.945885532838669178e+03
2.743020720672916923e+03
2.058412744835225567e+03
6.118851775572183215e+03
7.553784728452067611e+03
-4.453232909810795377e+02
9.075882543264184278e+03
1.554362293600916701e+03
2.391437509694388609e+03
6.889964779673679914e+03
1.134584199563454149e+03
6.119904857439150874e+03
-1.812346816291777145e+02
7.373485425475267903e+02
5.566891782174901891e+03
4.506399376749151088e+03
2.435362444171012157e+03
1.705574103535248014e+03
4.736889326616772451e+03
3.226159961900974395e+03
6.971321630920529969e+03
8.408211015071308793e+03
1.296957347724299723e+02
1.506311531333251878e+04
5.544655273366851361e+03
2.040253519337154103e+03
2.043427147430482592e+03
2.904116605039479509e+03
4.568477540883613074e+03
9.869758591455736223e+02
1.904058350731283781e+03
1.484037465935676482e+04
3.605313995176588378e+03
5.071529625422800791e+02
1.951624222814557288e+04
1.224287202915618036e+04
6.394213923271173599e+02
4.054631581686133813e+03
1.665405602148223124e+03
2.928767221388477992e+03
1.421889235366847788e+04
1.905382582697042608e+03
8.870751241994999873e+03
1.185043275334056716e+03
3.113473810435548785e+03
2.154324974478626245e+03
3.344756589427004769e+02
1.477727452569758862e+04
4.619002543734313804e+03
2.163256234694474642e+03
-3.700663843080492370e+02
2.404661632041536450e+03
1.019744900958717608e+03
2.522372504436491454e+03
8.699905354436681591e+03
-6.633152206467736960e+02
5.842412434736656905e+03
6.676240913727430780e+03
1.653692281757433193e+03
-1.161725719701733169e+03
-6.553979713062877011e+01
1.533916271201734617e+03
5.119808957358191037e+03
2.347754555149581108e+02
1.777713277725082662e+04
8.486137450638814244e+02
2.715470329412618867e+03
9.420116493602068886e+02
-1.016233905711257819e+02
5.548251019944927066e+03
1.254578807095542743e+03
1.636337207506579261e+03
5.114756366892499500e+03
1.168831414019964359e+04
3.773446585862721804e+03
1.613282790066082725e+03
7.163072583609973663e+03
1.629691643116557771e+03
2.943491735088711266e+03
1.501368291567178176e+03
2.989319387106526392e+03
2.312331135437884768e+03
1.047548912257961638e+04
1.446560666162442431e+04
4.853088197964017127e+03
3.759663737759381092e+03
3.232329069975435777e+04
8.862783125630881841e+03
9.079419219183222594e+03
2.273858971804646671e+02
-4.159081763801622174e+02
2.093780434215305377e+03
1.582173284798399891e+03
2.671511680828710814e+04
5.351587169897670719e+03
6.114328055315543224e+02
8.793429131020695422e+03
1.216619576567666991e+04
-4.459447302405378650e+02
-3.169695587838192523e+02
6.107218354384480335e+03
1.148196100073728758e+03
1.595979963483658366e+03
-1.050231894310964208e+03
7.580333080587586210e+02
2.975311720011291641e+02
2.418947962410189575e+03
5.842544622464589338e+03
8.347801020426304603e+03
7.152673113437261236e+03
1.293721235845968476e+04
4.050065272775251742e+03
4.796130846120734532e+03
8.415290903885766966e+03
6.821324002833511258e+03
5.481797459959338084e+03
1.495740499468438884e+03
1.021594735253164072e+04
7.197185875951679009e+03
6.099117921010501959e+03
3.903049006542717962e+03
5.642645207341300193e+03
8.689801365267097935e+03
4.565077170322857455e+03
-4.404511160969797743e+02
3.990913565909178487e+03
-6.079830005628761569e+01
2.685464337237119707e+02
6.168408964138286137e+03
1.307018522478231716e+04
2.909552897714842175e+02
-2.759561530576021369e+02
6.178270217999609031e+02
4.044169281682422366e+02
2.177660499436061400e+03
5.696477154808515024e+02
-7.148910385361836006e+02
7.303885326306949537e+03
2.602167295049408494e+03
1.249463167825493474e+04
3.699448470373893542e+03
3.768606445744454447e+01
3.977353742712532949e+03
5.035071479422886114e+03
1.710163889397534513e+04
6.329473154677627463e+03
2.559722486716052117e+03
4.697277858622212989e+03
5.264458535380878857e+03
2.275934723939816649e+03
1.575078742757967575e+03
3.629822856640139435e+03
6.136285702901854165e+03
5.507571025186459337e+03
2.816981539871829682e+03
7.006847577027235275e+03
5.237768507420430069e+03
1.837538308083261290e+04
1.622723440977071914e+04
2.557804872679206528e+04
1.278135971699004131e+03
1.175536438465888978e+03
3.467323258397302197e+03
2.815460499602174605e+04
1.491150067462302331e+03
5.211230378623429715e+03
4.394050596653601133e+03
6.662000719343191122e+03
1.302154670275784338e+04
4.984491978391332850e+03
2.043116810439120673e+04
4.383334564727005272e+03
5.020272882286124513e+03
1.249012729554645739e+04
1.807263011013701771e+03
3.140827090767284702e+01
1.747791759931862998e+03
1.327637362322220042e+03
1.413102588971338628e+04
1.011579908389106458e+04
2.796071338577627102e+03
3.919406259078656603e+03
2.292349952526764355e+03
2.419550628995736406e+04
2.914828589453747099e+03
2.089949273992267263e+04
6.261740428533742488e+03
1.275421050673604384e+02
1.414066593303806985e+04
2.958275627149597858e+04
1.370212216026171291e+03
6.678410773508743659e+03
6.249584619248424133e+03
-1.999487277874940787e+02
4.591429710385224098e+03
3.338814192348339475e+03
7.048938205333278347e+03
1.117328018068382698e+04
4.162663609038923823e+03
3.946588595218822320e+03
5.310882237629484734e+03
3.265841881200611533e+04
2.474790265560616717e+03
2.435099358365505850e+03
1.702848725471264333e+04
6.810027923649945478e+03
1.032808817367432130e+04
5.894803108957127051e+02
6.140549784530714533e+03
9.016290128209950126e+03
5.887314402675481688e+03
1.283569607431742043e+04
1.183117785021523787e+03
1.740989505835043019e+04
1.028377276363982560e+02
-6.870619945172992971e+01
7.683352795706085089e+03
4.811096845070639574e+03
1.633323006048403295e+04
1.528144764361466878e+04
2.467112154114637633e+03
7.250165483032357770e+03
2.679888945043516287e+03
1.848933228173149473e+03
1.322822518387094351e+04
3.262061068901796716e+03
1.972208528941387385e+03
1.980790588375096559e+04
4.192939656668102543e+03
1.218390665658403850e+04
6.861927390732901586e+03
-4.745301482547640148e+01
-3.624521944513197127e+02
2.261781187411799328e+04
1.530911020112436290e+03
1.186117356785577613e+04
2.010603052619426308e+02
1.774448637205966179e+03
1.257086561313445827e+03
7.636126490821105108e+03
2.570833543563082003e+03
2.259588532762833438e+03
5.886306451278251188e+03
-7.382533265252135379e+02
3.569542567664368107e+03
5.574725863062751159e+03
9.583372815566943245e+03
6.201574113661851698e+03
5.795015095266053322e+03
1.222923716840008638e+04
1.814119033109734664e+04
3.977077017942548991e+03
2.311019298808520398e+04
2.647320677003901437e+04
8.047771208731754996e+03
2.427317028593628493e+03
8.715735389539468088e+02
7.480309670389922758e+03
2.151086541881618177e+04
1.669571873902904190e+04
1.044507609540570229e+04
8.902631125526788310e+03
-6.840487985542080196e+01
2.044962388121991580e+03
7.384552591512803701e+03
7.578741285927896570e+03
2.470556607042159885e+04
4.964253534264141763e+02
9.662065875384754690e+03
-2.841547486451676008e+01
2.732709025899642711e+03
1.854872772337236484e+03
2.216005139968844378e+04
7.221719023096823548e+03
4.191205297900367441e+03
7.407547286411059758e+03
8.271966411627843627e+03
3.179561569409997901e+04
1.084888433858710414e+04
9.004420360158432231e+03
7.424520919591667734e+03
1.343730816046313521e+02
2.441363348957668222e+03
6.377590337346221531e+03
3.903342900548606394e+03
3.556915290883884609e+03
3.186931864500603751e+03
6.494255868481896869e+03
9.732835273985735967e+02
5.745937006305211980e+03
2.322651540560164358e+04
2.996679565954842474e+03
3.946053947023452793e+02
5.722431699032918914e+03
1.454821500391021436e+04
3.414373266726150177e+03
2.655558162513998923e+03
2.325021482061880306e+04
