2.555941228364958079e+03
-4.848716652383405744e+03
-2.898849810851799703e+03
-3.364556394904534045e+03
-9.893882361382520685e+02
-3.107691145506241810e+03
-1.870970845255041922e+03
-4.869727650753338821e+03
-3.385914782222534086e+03
-4.048944107745132897e+03
-3.580975252799346890e+03
-4.275783061903957787e+03
-3.858851303755732715e+03
-1.072069118762314702e+03
-1.402100236305152521e+03
-2.637418181651395116e+03
-2.587958650559867692e+03
-1.441980786253906899e+03
-1.693735352225502311e+03
-4.202153917488623847e+03
-3.133311035066709792e+03
-4.070282176379409975e+03
1.206457482064184887e+03
-1.664609117329241599e+03
-3.719336772425664094e+03
-2.198720301139938783e+03
-7.605509561924584432e+02
-4.139661452160329645e+03
-1.424259324697254669e+03
-3.916581756403905274e+03
-3.849393571732863165e+03
-4.493078953823025586e+03
-4.301825978742073858e+03
-3.025020392118859036e+03
-4.490962639664773633e+03
-3.777621867421812112e+03
-2.781408208705568086e+03
-7.785903648688592966e+02
-2.342962002561685040e+03
-3.116260805360755967e+03
-4.633920848226575799e+03
-2.210264950955149743e+03
-3.799475981413746013e+03
-4.022126675160674949e+03
-2.100560472965893496e+03
-2.169538785992454905e+03
5.446642538633254844e+02
-5.108247146148590218e+03
-3.977016727487641219e+03
-1.542052983196480682e+03
-2.687505427801682345e+03
-2.279423384966003141e+03
1.504730923531766678e+02
-2.282413988359181076e+03
-4.013049384253347398e+03
-2.746223381375068129e+03
-3.441796633029128770e+03
-6.033733990431092025e+03
-3.678661086332989271e+03
-4.288377704947853090e+03
-4.049897781605344335e+03
-4.021296830653516281e+03
-3.330218866568772683e+03
-2.442826446633661817e+03
-1.624165307922723741e+03
-1.280661612648306573e+03
-2.972156789256553111e+03
4.017356620319675358e+02
-5.899246104265519534e+03
-4.986744553047306908e+03
-4.629395864527771664e+03
-4.551759710573347547e+03
-2.687660518242923899e+03
-5.770980392518690678e+02
-4.216339383425222877e+03
-4.305931594823754494e+03
-1.552319438444877733e+03
-2.912691708988734263e+03
2.044092110070633225e+03
-1.634632165057678321e+03
-3.095851029664576799e+03
-4.240407429686332762e+03
-4.082815331106024587e+03
-2.065765280528255801e+02
1.537396946657629542e+02
-4.336936363285611151e+03
-1.224421524426718179e+03
-4.948204560206488168e+03
-5.199640392442755910e+03
-2.901573089367770081e+03
-1.794247581172016226e+03
-1.999618618586649291e+03
-2.506863281861522864e+03
-4.003692353804102368e+03
-2.563227186223677109e+03
-3.830575927790685000e+03
-4.090339825427804044e+03
-5.020681348943752710e+03
-1.041090355272639272e+03
9.928483195059496893e+02
-3.424383886407374121e+03
-4.096711375439829681e+03
-3.765907784276986149e+03
-2.221547927664374583e+03
1.615427241571985405e+03
-4.471265816483363778e+03
-3.726071686170465455e+03
-2.648774118787579027e+03
-3.182791210126989426e+03
-2.539525482553214260e+03
-1.785203358752385384e+03
-2.789162418394454562e+03
-3.202175634296137105e+03
-3.972831821989902437e+03
-3.745150397960604096e+03
-3.760532145111294994e+03
-4.194893815729356902e+03
-2.562384370612359817e+03
-4.039652973139166534e+03
-4.816441548027443787e+03
-2.601065247055457803e+03
-2.504978458936868265e+03
-2.016322295245494615e+03
-4.454319191501353089e+03
-3.899119802824009184e+03
-4.561513402318274530e+03
3.187503944646306309e+02
-2.953985152371319145e+03
-2.348760567363890459e+03
-2.285329588192694700e+03
-3.116802942550322769e+03
-2.227466725577782654e+03
-2.310689501508160447e+03
2.723116102187620527e+03
-2.008519118238161809e+03
-3.649448764778489931e+03
-3.635049373190569895e+03
2.321523752256572152e+03
-8.423842348864794758e+02
-2.471736952877387466e+03
1.920465963848817864e+03
-2.701596088714964935e+03
-5.063606688487117935e+03
-3.675103149785383721e+03
-3.867596461898534471e+03
-4.753439224145207845e+03
-4.713011594942564443e+03
-3.079466184696337223e+03
-3.558156967231194812e+03
4.907449218634401973e+02
-5.413732746123311699e+03
-2.279406377665604850e+03
-3.124179452735021641e+03
-2.618095449946988083e+03
-2.781428477519652006e+03
-2.798362332810293537e+03
-2.965491301332125204e+03
-2.638178846506998070e+03
1.229373930565026967e+03
-2.976384406941833277e+03
-3.003341878279919911e+03
-2.945854753289451764e+03
-4.799478273650627671e+03
-2.508875893205984539e+03
-3.830197380769781830e+03
-3.914215438726644152e+03
2.010686689707692722e+03
-5.258191114508042119e+03
-2.111223304701039979e+03
3.511465878517721194e+03
-4.049445015327135479e+03
-1.400624355423154611e+03
-3.236318049503896418e+03
-4.986214627728949381e+03
-3.962802448439526870e+03
-2.154045098612478796e+03
-1.823528029032766426e+03
-3.152862748102921614e+03
-3.507328526930086809e+03
-3.739423948054176435e+03
-3.184122047450390255e+03
-3.469412738995941709e+03
-2.186593391791999238e+03
-3.759998880626218579e+03
2.150880446864144233e+03
-2.385494972713432617e+03
-3.863501881058529307e+03
-4.394211041050365566e+03
-2.455789252884893358e+03
-3.590484506526789573e+03
-3.005220671748122641e+03
-4.136014338626782774e+03
-2.773789454056104091e+02
-3.279750129784665205e+03
-2.953667176405339887e+03
-4.673051207981227890e+03
1.708311360314829926e+03
-4.766457328408492685e+03
-4.028412830214295354e+03
-2.485851205431555627e+03
-3.602705601949485754e+03
-1.334669673615288957e+03
2.877919189386026346e+02
-3.040336723582415743e+03
-3.428522746730484414e+03
-4.235236908322501222e+03
-1.425456268677599837e+03
-3.324998750607243437e+03
-3.659216498919661262e+03
-5.380138951285951407e+03
-2.014356466803521926e+03
-3.402333832256188089e+03
5.189856802432856966e+03
-5.014762716807133074e+03
-9.625982459197985008e+02
-1.416675944590361269e+03
-3.790501608765440778e+03
-2.564060389753439267e+03
-1.690145003491754323e+03
-3.337400159182371226e+03
-2.199928220520954710e+03
-2.566493575301078181e+03
-4.072353386545190006e+03
-3.694425768386734944e+03
-2.044952479387009589e+03
-3.991982257545070752e+03
-2.529444291815854285e+03
5.890270656998305867e+02
-3.648975925498788229e+02
-2.363504732112910460e+03
-4.255582508310259982e+03
-4.864640849201015044e+03
-4.109367760608301978e+03
-1.609028189060313480e+03
-4.321106716219263944e+03
-1.488346269903501707e+03
-4.005288078725779087e+03
-3.153916147700861529e+03
-4.162402360491903892e+03
-4.375353105083518130e+03
-4.180835812575895943e+03
-3.880308617215221147e+03
-2.482673401677048332e+03
-3.089381197017465183e+03
-2.098580503655024131e+03
-1.952558890686782661e+03
-1.937230857231248592e+03
-1.824514103382408393e+03
-4.780303280329518202e+03
-2.312263053951586244e+03
-3.756157646583990754e+03
-3.508048734582891939e+03
2.852549165598117611e+02
-2.449100475423718308e+03
1.510436712164673736e+02
-5.352044650523926975e+03
-3.268682822936621960e+03
-4.858349473044086153e+03
3.227181369306661963e+03
-3.606024804485405639e+03
-2.707482425912861345e+03
-1.533585423018512756e+03
-3.300111589888582785e+03
-4.295219320208061617e+03
-4.209047192170373819e+03
-2.935117202867709693e+03
-2.105887660408239412e+02
-4.382239490407681842e+03
-5.051424969426932876e+03
-2.680387259259258371e+03
-3.970794271848900507e+02
-1.335877002986387652e+03
-2.670451484466788315e+03
-3.852338966803877611e+03
-1.834566651533963523e+03
-4.229409600824321387e+03
-3.369622346154013940e+03
-1.723684635800738079e+03
-4.514161054872913155e+03
-2.110223115301690996e+03
-3.136210158307198071e+03
-4.763666287700607427e+03
-3.786796787313945515e+03
1.773128643003073648e+03
-3.448352289001511963e+03
-4.001433197151602599e+03
-2.165178056371907132e+03
1.267087415718590222e+02
-3.909084970617042927e+03
-1.213295514700490230e+03
-2.151236670501082244e+03
-4.125085635897042266e+03
-3.751204337271182339e+03
1.597876819188581976e+03
-2.370304063746048996e+03
1.207401925334776706e+03
-5.123070432541961964e+03
-3.420340687836876896e+03
-2.170291597538895076e+03
-3.330269044620686145e+03
-3.677630691256132650e+03
-4.462796414827524131e+03
-1.622767261954320247e+03
-1.762051247428714532e+03
-2.047247324590828725e+02
-3.503662394201408006e+03
-2.826651736437745512e+03
-1.880733781530903116e+03
-2.542919453750293542e+03
-2.455498668637056653e+03
-2.534880820049376325e+03
-3.867805470821418567e+03
-1.911282776189277456e+03
-3.691834792057834875e+03
-5.235419756230227904e+03
-1.909422214186314250e+03
7.630729388447541623e+02
-1.901796493300433440e+03
-5.560085559355360601e+03
1.238894644940136459e+03
-1.667353311799276071e+03
-4.354971610691624846e+03
-2.157786701105270367e+03
-3.360293313347356616e+03
-1.977108192246067802e+03
-3.436319029960662647e+03
-3.655247111327166749e+03
-5.065087096683453638e+03
-4.036641431023910172e+03
1.167609543646938391e+03
-3.124999643382553586e+03
-3.960301711967962547e+03
-3.009935788771289936e+03
-1.832290822678898849e+03
-1.897839841675604930e+03
-2.978199476357262938e+03
-4.254549650777680654e+03
-4.000573468028859679e+03
-2.250374388219595403e+03
-1.785176195622290606e+03
-4.373484706507870783e+02
-3.148168140079283148e+03
6.549414275639610423e+02
-3.500171336768809397e+03
1.127541149237076183e+02
-5.120956635735470627e+03
-4.630701952888274718e+03
-2.060704205144375464e+03
-3.347740391239937708e+03
-3.361059845040697383e+03
-2.320586018586383489e+03
-2.044620151377870798e+03
-7.464014808951885698e+02
-2.561968444336691846e+03
-2.737853777718804395e+03
-2.735599901610168217e+03
-1.044220057066678237e+03
-2.310014727077429598e+03
-4.371836506905011447e+03
-3.612038156744841672e+03
-5.301691944995832273e+03
-1.664448910082484190e+02
-1.050197553218053827e+03
-2.308057832629215682e+03
-7.749152807321499949e+02
-3.684056118662796962e+03
-9.484671129675136854e+02
-2.450454138163631342e+03
-1.984044457291399340e+03
-3.466157306912032254e+03
-3.548251923973853991e+03
-2.651387999089566165e+03
-3.730931353707918788e+03
-3.087856045930465370e+03
-1.891584322484161476e+03
-4.037283779344590585e+03
-2.374933209011589952e+03
-3.691291866578616919e+03
-2.833803343093312378e+03
1.983426867833712549e+03
-4.426339573437725448e+03
-4.550722980319798808e+03
-5.182217615195428152e+03
-2.312229499529435998e+03
-8.595435650986275959e+02
-1.289544497560142418e+03
1.458658596884068629e+03
-1.931042151588769684e+03
-3.997114845652585245e+03
-2.245410016983810237e+03
-1.154610687926739729e+03
-2.343766552290186610e+03
-4.160925721952741696e+03
-4.174003233907264075e+03
-2.001910039476068960e+03
-3.423566611005021514e+03
2.026830995201652513e+03
-3.884609851860115668e+03
-2.344025036775737590e+03
-2.699071068747532991e+03
-2.559164820624691401e+03
-4.439246630974042091e+03
-3.591832610532957005e+03
-2.173522581861220715e+03
-2.412989702294434665e+03
-1.668167247191476235e+03
-1.435248797053460748e+03
-2.229030675568110382e+03
-2.808861664850139732e+03
-1.008521315745763332e+03
-3.775614837534613343e+03
-2.665728495920053774e+03
-3.959951300961658035e+03
-7.409322794024805034e+02
-2.799976715833531216e+03
-1.292098190728502004e+03
-2.159779689295373373e+03
-3.881898177226502867e+03
2.672422824895371832e+03
-2.028032147469903066e+03
-4.245926951281230686e+03
-2.273016331098428964e+03
-1.551030671155288587e+02
-4.159932098669720290e+03
-3.352452850776001014e+03
-3.875721726905779860e+02
-3.663872612302188372e+03
-1.912715113693848934e+03
-3.060589628665756209e+03
1.791813077537484560e+03
-2.775593111677259913e+03
-3.274456425481833321e+03
-1.517748387963812775e+03
-1.761715457972779177e+03
-1.125160858887646782e+03
-4.430570366822837059e+03
2.229633139740098613e+03
-3.433986061333625003e+03
-2.890048542959209954e+03
-3.407789901538391405e+03
-1.595117032677252155e+03
-2.873693963101604822e+03
-3.699209364637331873e+03
-1.935533369718997619e+03
2.884762739642012093e+03
-1.671385707743072089e+03
-4.125164456861381950e+03
1.382372525266031062e+03
-3.754775450282243128e+03
-3.020717558695753723e+03
-1.659090851966681385e+03
-2.406454331519708376e+03
9.556921277271684403e+02
-2.099075345645070229e+03
-3.431217487904711106e+03
-2.432565409501442446e+03
-3.349291017355834356e+03
7.460190803491331280e+03
-2.397412247689571359e+03
-2.064233157315583412e+03
-1.026959363515259611e+03
-2.938177366259153132e+03
-3.030874416984571553e+02
2.143571491406426048e+03
7.215745039551526133e+03
-3.606682426569514064e+03
-1.718378989352457893e+02
-4.858025855425902591e+03
-2.910189044318012748e+03
-2.801810235897278289e+03
-2.910448105217490138e+03
-2.016182952306542120e+03
-3.824622168743612747e+03
-3.532794595951563224e+03
-3.710809238994614134e+03
2.488014804999569151e+03
-3.584641366472749269e+03
-3.256362183273639857e+03
-1.424021749184282726e+02
-2.992194200429185003e+03
-2.109583429398200678e+03
-3.201254495873709402e+03
-2.293949939958874438e+03
-4.011861398495810590e+03
-4.080643968221131217e+03
-2.884295500356976845e+03
-3.252636637702316420e+03
-1.955852209621552220e+03
-3.168548725626711075e+03
-1.711947353441876203e+03
-4.689645122919926507e+03
-3.234875600022920935e+03
-3.606660077177030871e+03
-1.671776100955494258e+03
-2.466262248327147063e+03
-3.618118908292623928e+03
-1.179700651536254782e+03
-7.231985688400736763e+02
-2.350935642190471299e+03
2.448526332012380408e+03
-1.641179544890223497e+03
-2.205306717794202541e+03
-3.874690342589915872e+03
-2.004091587297946717e+03
-1.825495008119710747e+03
-2.963139315412144697e+03
-3.271390223867693749e+03
-4.040145110563260459e+03
-1.888820647959470307e+03
-3.699299403781929414e+03
-1.134633996601925674e+03
-3.021131654483395778e+03
3.855545542884599968e+02
-2.153381889231349760e+03
-2.566257428174867982e+03
-2.809183609781043742e+03
-2.099895581753482020e+03
-2.510768146959790101e+03
-2.896383476191962473e+03
1.965651577854316656e+00
3.094045520084066993e+03
-1.777294965536357950e+03
-3.613364975752859209e+03
-3.314860243819577590e+03
-2.057339122749685430e+03
-4.587513386994766734e+03
-1.824429332657095301e+03
-2.952109453860135091e+03
-3.644950293918035186e+03
-3.238517762658198535e+03
-1.616382639045114956e+03
-1.257182899340484482e+03
-2.320940409689300850e+03
-4.120008568328749789e+03
-2.358574622151999847e+03
8.765659090352862393e+00
-1.307979165055988233e+03
2.262735678858816300e+03
-4.661751843041264692e+03
-2.340188037778070338e+03
-2.988129356102802376e+03
-3.704018884095808971e+03
-3.307538823334075914e+03
-2.196569018494020838e+03
-3.280800256660286777e+03
-2.756036532448121307e+03
-3.147506832588645921e+03
-1.616513669632406391e+03
-2.512693960691692610e+03
-2.972664480106188876e+03
-2.412343881766342292e+03
-4.224512435912949513e+03
-2.315441992085377024e+03
-1.531013935255323304e+03
-3.660362455695384597e+03
-4.039817125214783573e+03
-2.630039028199556014e+03
-1.129836346041918659e+03
-1.797747989620140288e+03
-3.172295080391123520e+03
-2.156642976572461976e+03
-3.664596205427591940e+03
-3.190873170990691051e+03
-2.415426464448262891e+02
-4.028676318518922017e+03
-3.953511343645391662e+03
-2.465112743864657659e+03
-3.586582056765120797e+03
-1.665148338105000448e+03
-2.349429776518473773e+03
5.460237997464520959e+03
-3.632990797152049709e+03
-1.706229141254112392e+03
-2.372724385762453039e+03
-2.180892032354200637e+03
-3.863551640682294419e+03
-1.275959975873465282e+03
-3.636140589198059843e+03
-2.838016805116768069e+02
-8.161497049663381631e+02
2.733401670041185753e+03
-9.352223212554687279e+02
-9.114354439141700368e+02
-3.775108603541045795e+02
-2.852442855035196771e+03
-1.821084381391995066e+03
-1.020333926417193425e+03
-2.143081221656443631e+03
-2.255655849696797304e+03
1.665591247266823984e+03
-2.583015487110777485e+03
-5.539827625427985822e+02
-2.627686034493548959e+03
-3.464751841562805566e+03
-1.606907681908445738e+03
-1.556376564648228168e+03
-3.559114815330326110e+03
-4.001364792694182597e+03
1.264684721024494820e+03
-3.147593537609165651e+03
-2.510329733142562247e+02
7.211615364257254441e+03
-3.404898696180978277e+03
-1.670837733152324063e+02
-2.720173058316622246e+03
3.913815580466471147e+03
-3.107889656404422567e+03
-1.847022170998964839e+03
-1.542551038101735799e+02
-2.753495502579162803e+03
-2.937147724613784703e+03
-3.399825492265256798e+03
1.111397084204318708e+04
-3.180173999667623320e+03
-3.728955391096299991e+03
-4.249209778058226220e+03
-1.369094397935894222e+03
2.365516165856355144e+02
1.221234641627152087e+03
-4.514985675888208789e+03
-3.436500864006653501e+03
-1.287008943775143507e+03
-3.920178652687052363e+03
8.881330071969747223e+03
-3.845888808337530463e+03
-3.954145382502186408e+02
-3.173380887155433356e+03
-1.701762706153261661e+03
-2.131853068274886937e+03
-1.217544673889680325e+03
-3.324657016841154473e+03
-9.279630215311625534e+02
-3.315780955300686855e+03
-3.384101591593134799e+03
1.210269815632121436e+03
-2.407643533919127094e+03
-2.293644392825069190e+03
-3.933359723341507561e+03
-4.182210012546574035e+03
-1.891871251131412919e+03
-1.926830880585941259e+03
-1.832272126298820467e+03
-1.413751895549981100e+03
-3.431321983005988841e+03
-2.060498701371802326e+03
-9.342155319100452289e+02
-3.084782306336872807e+03
-4.243374675485420994e+03
-1.814890090813213646e+03
5.835884560592278376e+02
-1.765979213376584994e+03
-3.235636122392937068e+03
3.900538061131921040e+03
3.113831031080212142e+03
-1.933932822089957426e+03
-3.045836286709266005e+03
-2.177436872470130766e+03
-1.549979768259209322e+03
-3.171414835489227698e+03
-3.597176938039614924e+03
-1.664397206243952951e+03
-2.700348770458445870e+03
7.968840817617781795e+03
2.539384489890799159e+03
-2.715874747950301753e+03
-4.394857980820745979e+03
-2.669765092837933480e+03
8.877656231769076385e+02
-3.532509891249798329e+03
-1.911495825317211029e+03
-4.093906942572516073e+03
-3.262339966907412872e+03
-2.558618539421610876e+03
8.137850385782955982e+02
-2.610999072356634315e+03
-2.216706109042859225e+03
1.092852237749646974e+03
-4.499265104012839402e+03
-9.228930686940849455e+02
-2.763113117655523638e+03
-4.302056209003362710e+03
-2.605822429173055298e+03
3.436202993366912324e+03
4.587076563204918784e+02
-3.280589337017411253e+03
1.718615519733143401e+03
-2.402251591892138094e+03
-3.662750058787394664e+03
-4.148244007224329835e+03
-3.517274993394084959e+03
-3.657646106056109602e+03
-3.226992648105402623e+03
5.015705176688873507e+03
-2.751109860677685901e+03
-2.899969991822553311e+03
4.648545101490023512e+02
-4.761447468843989554e+03
-3.846234247961091114e+03
-1.923147265453114869e+03
4.120899568144260229e+03
-2.857716829800515825e+03
-4.336311121521229325e+03
-2.865578569874885943e+03
-3.173450815249113020e+03
-2.241587300869122828e+03
9.583195812672256579e+03
-2.769576549746881028e+03
-3.918944997731101921e+03
-1.852401998450193105e+03
4.366591706680361312e+03
-3.026625240232884153e+03
-2.806325602376821735e+03
-2.818151412238785269e+03
7.507894931144193833e+03
-4.393823761973863839e+03
3.202955314074567013e+03
-1.952020426457239410e+03
-3.362964930944938260e+03
1.365978937221032083e+03
-2.277021256797670048e+03
5.679443626608206159e+02
4.214995866875284264e+03
-2.505932199471435979e+03
-4.227221362523739117e+03
-1.010895900331239091e+03
-4.241538372985171918e+03
-2.706951051558545259e+03
-8.381038433152062908e+02
-3.987569148380767729e+03
-2.001918236451300345e+03
-1.274905336232090178e+02
-2.451731261212018126e+03
-3.586175707948724266e+03
-2.209007691571344367e+03
-2.635027995285579891e+03
-3.583728180733065983e+03
1.116507607875511439e+03
7.386785335330408770e+02
1.403523130869082536e+02
-3.143425868334818006e+03
-1.483787128422366095e+02
-2.295787666824681764e+03
-3.578424050226709824e+03
-1.738329485977963714e+03
7.647226737121848601e+03
-2.973825048967199564e+03
2.007834720512255728e+02
-1.133136048436829924e+03
-8.058094996158315553e+02
-1.987088469727894335e+03
-1.940355717859586093e+03
-4.028260965105288960e+03
-3.156009916035725837e+03
3.326105735652095063e+03
6.785250985952066003e+03
-1.465045293264121256e+03
-3.119400648511314557e+03
-3.506846410683610884e+02
-2.645340774183871872e+03
-2.553157852957075647e+03
-1.661347574671065331e+03
-3.110319756775468704e+03
1.159505547266519670e+03
-2.651395643412762638e+03
-2.425950062840331157e+03
-3.646521113025210070e+03
-2.686675455315771160e+03
-3.718383913077244870e+03
-3.812242196004418474e+03
-1.691972557281610989e+03
-3.008301898030212669e+03
-5.051161329853161419e+01
6.014326845070019090e+02
-3.168368121330383019e+03
5.318156208435299277e+02
-2.039744426388491092e+03
-3.968356999728381652e+03
-3.429430967222391246e+03
-1.888271588973234657e+03
-1.673212072211000986e+03
-4.870954761085096152e+01
-3.052306692248615036e+03
5.130289395129949298e+03
-2.344795620132025306e+03
-3.422347692964671751e+03
6.093784206832859127e+03
-2.388984228864891065e+03
3.401118580829573148e+03
-1.428562504359809964e+03
-2.956517012901404541e+03
-2.537579688786684528e+03
5.060723869025553654e+02
-3.369858461755624830e+03
7.796816366207204396e+01
-2.738779371659647950e+03
8.625582979003536821e+03
-1.415695248312256808e+03
-2.789421329336963026e+03
-2.788826326025872731e+03
4.618985677586746533e+03
-2.900416768745333684e+03
2.021314806778338834e+03
-2.115710611027085179e+03
-1.325525603633543824e+03
-1.336561242032734299e+03
-2.029891993929515365e+03
-2.864225132812210177e+03
-2.104482283528841890e+03
1.166649174392923669e+03
6.593840625463092692e+03
-3.575924216021235679e+03
-3.320318900771836070e+03
-2.540485899042037545e+03
-1.848018727138772192e+03
-1.632298590821592370e+03
-2.969820820515173637e+03
-1.914376862787894197e+03
-2.104750262040947462e+02
-3.948399047476869782e+03
4.282278084176005905e+03
-3.784554688331216312e+03
4.415593851621684735e+03
-4.654130273704882370e+02
5.438413859596902512e+03
4.081350259521344924e+03
-3.852994068561520635e+03
-2.408534079373102941e+03
2.608536799532173063e+03
2.190919865394742828e+03
3.330431400883103834e+03
-2.947971682817889814e+03
1.077521078974255761e+04
-2.834492157373603277e+03
-2.640760492050496850e+03
6.848777107983869428e+03
-2.170591990344914393e+03
2.840937832697614340e+03
-2.062789601427007256e+03
-3.979035507992074940e+02
-3.222596343824585801e+03
3.632285560570312555e+03
-2.126149415856389624e+03
-2.120676486332401055e+03
-2.461319788102488815e+02
-2.713957903037678989e+03
-3.866467045711637184e+03
-1.595455783998808556e+03
-2.637065286762106552e+03
-2.532703144374347175e+03
-3.318254499690069679e+03
-3.467653655308890848e+03
-3.027041745277230348e+03
-3.064174672204761464e+03
3.665660064050167421e+03
3.750525026245831555e+02
-1.615679565229657555e+03
4.014317166640059895e+03
-8.453857123050146356e+02
-3.666156419414738593e+03
-2.186982726192276914e+03
-2.685045132580007703e+03
-2.150197194645285435e+03
-3.853068569464937809e+03
-3.214812860593917321e+03
-1.383376535190239565e+03
-1.567367011639185421e+03
3.685487729890546689e+03
-2.942739384218428313e+03
-3.782202517805951175e+03
-3.330923810409954058e+03
9.014289448206865927e+03
-2.921405074000560489e+03
-2.129406828804077122e+03
-2.211686270770676401e+03
-2.478771777277471301e+03
-3.376617443403226389e+03
-1.654673959596033228e+03
-1.537491306878266187e+03
-4.515778313681725194e+03
-2.738153416090121027e+03
-1.928967901821410805e+03
-1.649002459499686211e+03
-2.454505217128334607e+03
5.053403819608306549e+03
-3.694559739077136783e+03
-6.039485809782038814e+03
-2.130594508780342494e+03
-2.184633879872418220e+03
-3.815036920062980244e+03
-3.662315901048885280e+03
-1.840219566221076320e+03
-5.568576803015556607e+02
-3.722041366309073965e+03
-1.148585832198094607e+02
1.356648385430954477e+04
-3.255603222777157498e+03
-9.932156948989945988e+01
4.586394139931051541e+03
7.851481058495091929e+03
-2.106263866022971797e+03
4.502713694563963145e+03
-3.505015999383524104e+03
-8.170211237960424455e+01
-3.024087835244191410e+03
-2.814897090928649504e+03
5.511011303326611142e+02
-1.762543552234895742e+03
-1.465971455965748419e+03
-5.766171084487627922e+02
-2.595211188698621754e+03
-1.914032594386153278e+03
-4.270556720503192992e+03
9.386183467945305892e+03
1.018014138504673042e+03
-4.153806292599273547e+03
-3.603299722046595434e+03
1.555548393759891951e+03
-1.847250869240168640e+03
-2.500553179794503649e+03
2.486036858035889509e+03
9.527445168349055166e+03
-3.928662898438124557e+03
-2.091431041320129680e+03
-2.922457832238180345e+03
-3.691866817125896887e+03
8.359361575967777753e+03
3.971866065416947549e+03
1.869803440048219045e+03
3.131108383678080372e+03
-2.846222330291111120e+03
-1.876518598400020437e+03
9.744155846834490148e+03
-2.936755999350803904e+03
-1.423579038636679343e+03
5.633594589118733893e+03
-3.255337713006626473e+03
-1.848143610777589629e+03
-2.676017960401718028e+03
-3.921237809661298343e+03
-3.075504893481093859e+03
-2.240716069241433615e+03
-2.204661611124929550e+03
5.148178480996437429e+03
6.680888116227528371e+03
-7.553147982196156818e+01
-2.533866503136867777e+03
-1.780565757658932625e+03
-8.515575100247410774e+02
9.732976838108185120e+02
-2.850459203920270738e+03
1.406033958266961599e+04
-2.712806013065665866e+03
4.419611195008910158e+02
6.397410340911070534e+02
5.934339726691960095e+03
2.324527311521811157e+02
1.160617434245980985e+04
-3.164214458424998156e+03
-3.030641622802429083e+03
7.777658008714892276e+03
7.866268287005830643e+03
-1.017181695456339867e+03
4.280013615908341649e+02
3.287361724006768782e+03
-2.203461424036971039e+03
2.005570612967158922e+03
-3.784115162762666387e+03
-1.687247643092932776e+02
-2.946645483554200837e+03
-2.166046185400483864e+03
-2.729814263026586559e+03
9.963649859840836143e+03
7.003658617306785345e+03
-7.863938388410064135e+02
5.314983564396184192e+03
-1.335559482650965037e+03
5.426100192557272749e+03
-1.384036549174729771e+03
-9.919823303179059621e+02
9.525223602497275124e+02
-3.967831663745003425e+03
-3.184455139992584463e+03
2.008387590754172834e+03
-3.861377327227925434e+03
-6.523636313389301904e+02
-1.077248903961165524e+03
-1.912483117320992733e+03
4.445605737216669695e+03
-4.000178851312477377e+02
-2.770312275808154482e+03
-2.750585413184757726e+03
1.584231355645076974e+03
-1.760940313213939135e+03
-2.179089409923230505e+03
9.685435402017474189e+03
-9.687242041665369925e+02
-1.139151726707303169e+03
-3.546510524223816446e+03
-1.865712299331225040e+03
-3.365870296079789114e+03
-3.360269776421715960e+03
-4.528732841170257416e+03
-1.861079004621429476e+03
-2.618577443193270483e+03
1.485565806956680717e+03
-2.187118679992084253e+03
-1.704137835275286534e+03
-2.631306972450277044e+03
1.112765472273646446e+04
-2.714000103138751001e+03
-3.350499491352640689e+03
-2.919605941554601486e+03
-9.897238250107886870e+02
1.217857722176299649e+04
-1.897320895865393140e+03
-2.695428540789813724e+03
-1.119809313084488622e+03
-1.183928029916406331e+03
1.469579867097502756e+04
1.101426252495492736e+04
-4.138657040513086031e+03
-4.017740277826949750e+03
9.747324420231778277e+03
-3.038458101174079729e+03
-2.763400729409737323e+03
-2.918592181568108117e+03
1.090505921549531013e+04
5.499887039573171023e+03
2.058505545576857912e+03
-3.549771233566219962e+03
-3.903256961684366161e+03
-1.489540453714268779e+03
1.660375247203164236e+03
-3.237337226383546295e+03
-1.285534478745111983e+03
-8.662411328137487772e+02
-2.098470650856482735e+03
1.250624184875882020e+04
-2.635218531833308134e+03
-1.656577588086978949e+03
-3.970106120031774935e+03
-1.967673395288236861e+03
-2.020200770651817948e+03
1.274092534330905801e+04
-1.873797357342828263e+03
4.835132789812946612e+03
-2.495176958119830033e+03
-1.374522651772247627e+03
9.201040884979925977e+03
4.103424572368050576e+03
-3.371436671841932366e+03
1.851123063854830980e+04
2.288208514707979759e+02
1.542233947390348840e+04
-3.179345589151242621e+03
-1.684174628964119165e+03
5.176696822061388957e+03
-1.733818223784430529e+03
-2.271238290989110169e+02
5.698186091697111806e+03
-2.888430426962706861e+03
-2.054988033398962216e+03
-2.004412914496620488e+03
5.438190918215708734e+03
-2.506887840268704167e+03
-2.154134453578371449e+03
-2.398512608945287866e+03
-1.579078809589555021e+03
8.601011223780892578e+02
5.000466081317560565e+03
-8.687939395334633446e+02
-2.494348986914011675e+03
6.557395468848666496e+03
-1.905081726070179002e+03
-1.700019439546277226e+03
1.824401822575233837e+03
-1.601713496863801538e+03
-1.513665280428603182e+03
-9.171592262302158360e+02
-7.931084383872953367e+02
5.996528163769184175e+03
-2.630217680005753664e+03
-2.892292314711045492e+03
3.962177117307137905e+03
2.613952488700330377e+03
-1.748209424722028189e+03
-1.117365499528377995e+03
-1.947068228689657190e+03
-2.320113525179080625e+03
-3.112441568962791280e+03
-3.019728547718030313e+03
-1.826826520015330061e+03
6.253056577954970408e+02
1.906539854011360262e+02
1.406429374809529327e+04
-5.247927386708745871e+03
-2.666260204981506376e+03
2.516517309649985236e+03
-3.374555353274786739e+03
5.124281333694832028e+03
-4.089287961315372741e+03
4.743267535122469781e+03
2.176616644603551777e+03
-2.570242434428158958e+03
-3.221180336688536954e+03
-7.015211006678717922e+02
7.686935946596059921e+02
2.321838630842255952e+03
-1.088860439285356733e+03
-1.494632348036760277e+03
8.955554092290507469e+03
-4.246887661504270000e+03
1.877190365237243441e+03
-1.328029863081500935e+03
1.466215961616388086e+04
5.097560149649900268e+03
-3.586505509550032912e+03
9.099689732943146737e+03
-1.640556942377628502e+03
-1.898855185802347478e+03
2.427951048156935030e+03
-1.112645871725849247e+03
-1.900302686139832076e+03
-1.622787445576293294e+03
1.818591693083307837e+04
-2.705838146136961768e+03
-2.105456800148027014e+03
-1.220904562864968511e+03
-2.443134485103101724e+03
-2.647064102201543847e+03
1.569386745064843126e+03
8.303470807360581603e+03
1.554709327325314371e+04
-2.230167666349176670e+03
-2.036189475624051965e+03
4.982702553954472023e+03
3.361533897831508057e+03
1.049163753724422531e+04
-1.916372009872796298e+03
-3.183455157412757217e+03
4.585938702568244480e+03
7.034685403818079976e+02
-4.542082246093357753e+03
-2.060994002513486407e+02
5.422208769411490721e+03
1.130486230730139141e+03
6.849843095387431276e+03
-1.431289340206214092e+03
1.606383269036525598e+04
1.280694116616046085e+04
-2.398669302989288553e+03
-2.370334751705865415e+02
-2.443797264375698433e+03
1.400748864836904249e+04
-1.503065074490544248e+03
-1.060314992755362027e+03
7.260491525795507187e+03
1.423276725738840867e+02
-1.662806181508224427e+03
-1.780855141593762937e+03
7.202122987816042041e+03
5.101587241258012000e+03
2.116276907012692391e+03
-1.451013397491402884e+03
9.301234200593449714e+03
1.287187081715805652e+04
1.170894846520262763e+04
-3.206953998869848874e+03
-3.043346397255077591e+03
-2.746963180976790227e+03
-1.623236978184472264e+03
-2.337282694268545129e+03
9.635557823471079246e+03
9.433553944478973790e+03
-1.893408924747902120e+03
-1.054916506524283022e+03
-2.147392108489209477e+03
2.055544743998440026e+03
1.182809177340235237e+03
-2.166824353110889660e+03
-3.374326157860359217e+03
8.981597251086994220e+03
7.792582386721092917e+03
-8.968569620720186322e+02
3.235397401888914715e+02
5.042891489897919200e+03
-3.305075114846178167e+03
-1.417868297924218950e+03
1.393759010554141241e+04
2.892586071068787533e+03
-1.092897915213814485e+03
7.435668120207395987e+03
5.629996938211559609e+03
-2.873246880381318078e+03
-2.775162522670859289e+03
-3.627823708359504508e+03
-3.554144420742869897e+03
-1.690828735651366287e+03
-1.871040645217646215e+03
8.997309873777780012e+03
1.873988815653369966e+04
-2.015116539262085325e+03
-2.668904446278382238e+03
9.830857414396234617e+02
7.970223364190311258e+03
-1.630118153551899695e+03
-2.586784590482117892e+03
5.338557711442119398e+03
-4.279897496826385463e+02
2.518659989221976957e+03
1.126078010675322184e+04
1.637326984934710197e+02
1.307628509208389369e+04
7.245139306389179183e+03
2.005705108712963465e+03
3.415618376843138321e+03
-2.266608717560548030e+03
4.961297052594192792e+03
1.727735126452101395e+04
5.824404357399114360e+02
-3.181234706823542638e+03
-2.843234394815456199e+03
8.565670605805558807e+03
1.107651883755645940e+04
-3.157061588347411316e+02
1.561343260244787598e+04
-2.982176167937228456e+03
-2.747395825907735798e+03
-2.164942107464342826e+03
-2.439887521283312708e+03
1.154536800471640345e+04
7.950894131190210828e+03
1.527238450523527172e+04
-2.483928823986448606e+03
-1.103238290490360214e+03
-1.533230896834765417e+03
7.711068663892957375e+03
2.112723234053462511e+04
6.356987823805423432e+03
-2.084838576502260565e+00
-2.287863352857400514e+03
-3.418687536724055462e+03
-3.213542145553248247e+03
-3.037306494172177736e+03
1.726050524112409403e+04
9.171929171141759070e+03
7.223720377692384318e+03
-1.219472231543093812e+03
-2.852346729046284054e+03
-3.074856393752194890e+03
-4.216346886796014587e+03
-2.648972435494897582e+03
-5.740938653621964249e+02
1.082880267152709894e+04
-2.859594665603531666e+03
1.475146744886035958e+04
6.861601022987750298e+01
1.495973185047108245e+03
4.969239245900865171e+03
-2.620371578311419398e+03
9.623757849332099795e+03
1.251252610389832989e+04
4.888055663550449935e+03
-2.812325169141197875e+03
3.954734748622900042e+03
4.889309330831273655e+03
-1.667046710320785451e+03
1.687306064091100097e+02
1.608592703447628810e+04
-1.438268939837838616e+02
-2.084591797116899215e+03
3.794771115812891367e+03
1.670104486158977670e+04
1.008813435601566744e+04
-3.009653322804750132e+03
-2.513371189201764082e+03
4.697683555163045639e+03
-2.341684748214040155e+03
5.037449946984028429e+03
6.350933295654563153e+02
-3.678849390340930313e+03
-2.825979246049850644e+03
1.194279969970939601e+04
-3.210312258120043225e+03
-2.332374673558564155e+03
8.350935932369933653e+03
-3.049052210324871339e+03
-2.988452589284049282e+03
1.974710780986515601e+04
9.643812247260319054e+03
6.989954436774032729e+03
6.527510644294889971e+03
9.105918967533192699e+03
-1.514741790562644610e+03
-2.687800533806381736e+03
-3.156038637284632387e+03
2.314140705282018189e+03
-2.647813705563011354e+03
1.357283620463947227e+04
1.217690581541263964e+04
1.974028679997863219e+04
-1.855710248705192043e+03
-3.336499977690764354e+03
6.989842296802882629e+03
4.270071715691659847e+03
-4.261923475469013283e+03
-3.745541448594669419e+03
1.196295081284400567e+03
1.384903358579069209e+04
-2.687145058652425178e+03
4.723448422693402904e+02
-2.907703808752492932e+03
1.674700646166186561e+04
8.551931965101110109e+03
8.874200497603849726e+03
-2.692798417621323551e+03
-1.631106325442442767e+03
1.457203087752372767e+03
-2.579748276575169712e+03
-3.081844898316656327e+03
-2.489869110990654463e+03
5.167656668535832978e+02
1.213167912123923088e+03
-3.516637714986322862e+03
-3.524530959738402998e+03
1.678392196207891539e+04
-2.685123301495146734e+03
-1.620259861339173540e+03
-1.727229877749837215e+03
-2.775341868876789704e+03
-3.003113677212066705e+03
1.819037994937683379e+03
-3.634196495605413929e+03
-1.704211566981687838e+03
-2.499312207137411406e+03
5.781643999783218533e+03
-7.779798311944919078e+02
2.153187987651168442e+03
5.497772418199075219e+03
9.243221694116786239e+03
7.434049031006126825e+03
-1.570755425936545407e+03
-3.157139738621576271e+03
6.750074621248986659e+03
2.890741289502256677e+03
-2.225400940719639493e+03
-9.994106593950820070e+02
2.226278744087872383e+03
-9.801476794479651744e+02
-3.440127030993921380e+03
-8.024645702528108586e+02
-1.506620266839074247e+03
1.407354832571534189e+03
-2.332326352649507498e+03
-1.328383091001425385e+02
8.892183707285299533e+03
4.401029742437884238e+02
-1.066380239694699867e+03
-1.767141197515352360e+03
1.607248360948216759e+04
9.486094628625536643e+03
-1.928328597428203238e+03
1.356046722699542443e+03
4.575954664571100693e+03
-2.991792883976324447e+03
-1.779397402679548577e+03
-2.456181941905441818e+03
5.721687735906086345e+03
9.656323072665799145e+02
1.073052545887876295e+04
7.260791665738710435e+03
8.452844052614693283e+03
1.531666454186180090e+04
-2.036387424478265757e+03
1.027635000700803721e+04
2.479038383785930080e+02
1.480946678878256898e+04
7.336212492543147164e+03
-3.076097100066297571e+03
1.244351014562511591e+04
3.868349135807993662e+03
3.202194231042109550e+03
2.480846671674416029e+03
3.242293483079089583e+03
-3.807056398271906801e+03
5.558325880232586314e+03
8.484994744259429353e+03
1.539976090239534096e+04
-3.402245108773914126e+03
1.519373680113328010e+04
1.102949951819919806e+04
2.201315906061011628e+04
-3.872738358786648860e+03
1.488052473737358014e+04
-3.314786816932538386e+03
-1.245042264062951062e+03
-1.713561378472072192e+03
-3.049883543788963379e+03
6.392161083262370084e+03
-2.687324701227501464e+03
9.820211588329069855e+03
1.070086724804212463e+04
-4.325286954513993010e+02
6.249907409656825621e+03
-3.717094961675989907e+03
1.151029657268834490e+04
1.580722577303651633e+03
1.484853603360644956e+04
1.965460295926933156e+02
-3.550139932314013095e+03
1.850824446522579137e+03
4.822066381501951582e+03
7.190745797920429141e+03
1.682024625342779837e+04
-2.573550398223070260e+03
4.483606410696195780e+03
9.924374372976129735e+02
1.833779869913549419e+03
-2.239103782514869636e+03
-2.396728283033914067e+03
5.577078956928707157e+03
-1.799709132590172203e+03
-1.623320740060951039e+03
1.254211446777536003e+04
-1.661572901164129462e+03
-4.181341451150959983e+03
2.566336542048109550e+03
1.108830021942757185e+03
-1.833813838496004564e+03
-2.259180455797774357e+03
3.243650965596989863e+03
-1.727275623745101484e+03
7.112880676425969796e+03
-2.956243185049625936e+03
8.125504255913649104e+03
-6.830220070748599710e+02
-4.147095655896380777e+03
5.851515027258952614e+03
-1.383661701822652503e+03
-3.134359794758684984e+03
-2.343971140928871932e+02
1.834519267791763923e+03
-2.746586299240500921e+03
-1.113789800362493452e+03
1.124968087075910626e+04
6.961814964153713845e+03
1.527585073682348047e+04
-2.468773481503838411e+03
-3.098670509743502862e+03
6.144385688796299291e+03
-2.035245218566333278e+03
-2.492310021531986308e+02
9.090420456138957888e+03
-1.660251093852768463e+03
-2.541039774738884716e+03
1.398128150280623959e+04
1.864003086166629873e+04
-3.496562915663909621e+02
-6.489826219594461918e+02
5.718935797607118730e+02
2.132328600220680528e+04
-2.398414746924441715e+03
1.258360240679573280e+03
6.231068662313075947e+03
2.742038476244985304e+03
-3.660959184618893232e+03
8.896081906106022871e+03
5.056264169586966091e+03
9.550231117737459499e+03
-1.583092038749779931e+03
8.120083310533789245e+02
6.664099236276891133e+03
1.146547485987552591e+03
6.558226668851303657e+03
-2.433517838793683040e+03
2.669736607953406747e+03
4.529648533146409136e+03
1.631177620808192114e+04
-2.306955062650750278e+03
-3.076070998987292114e+03
1.011532877174459827e+04
-3.519339298362404520e+02
1.471780051969126362e+04
2.123530602732717853e+03
1.874306300089723300e+04
-2.810080303447414735e+03
3.554682146489785737e+03
1.120868886227444818e+03
-2.125101457649095209e+03
-2.495517014461288454e+03
-2.148728107188256217e+03
1.816340153210452627e+04
5.559286573916091584e+03
8.014589982486031658e+03
5.506129697191920059e+03
2.954006035488855105e+03
1.555534724079445914e+04
1.858508069887286183e+04
4.161068704477499523e+03
3.165683148838683792e+03
4.428858893344056924e+03
6.925110494553953686e+03
1.290639181211055802e+04
2.908273802002747288e+03
9.788232120868509810e+03
-3.070916743291214971e+03
6.471753724496990799e+03
1.420157547780970890e+04
1.060523478459605576e+04
2.181355921770579698e+03
1.479676541271046335e+04
1.343779502322755252e+04
-2.787177221747552721e+03
2.179268004249657679e+04
-2.293940522975216027e+03
2.050405695297182319e+04
4.513734547499659129e+03
9.695059871400497286e+03
8.342367043952121094e+03
1.610086588732290693e+04
7.300648498896277488e+03
2.953317045106738988e+03
-9.400029592575594961e+02
-2.779157387656852734e+03
-2.483765515061511451e+03
-2.390117151630288390e+03
-2.742464057896817394e+03
3.824225058654081295e+03
-2.970330991858588277e+03
1.381126885810179374e+04
-2.010257874710835040e+03
4.766774023891091019e+03
5.472072489312331527e+02
1.093933617444592528e+04
-2.794581706236713217e+03
-2.903793718757307488e+03
2.176453660638921792e+04
4.662975687130265214e+03
9.396415745820198936e+03
1.940628607077493143e+04
-1.205708768664644140e+03
-2.041454860544337180e+03
6.821772173876976012e+03
1.008555203830477876e+04
5.180998463786503635e+03
1.772173617588576235e+04
-1.512727506448479517e+03
-1.965256257461781161e+03
1.750105832340367851e+04
1.132119760274366854e+03
-3.067744423969291802e+03
1.019669166118999783e+04
-2.690190815663200283e+03
1.845169824607913688e+04
1.840912397947895215e+03
1.372502527682994332e+04
-1.414780476308843618e+03
1.997654147604248283e+04
1.416694070744810051e+04
9.028866512786396925e+03
1.058316051589461131e+04
-1.170554344011604826e+03
-3.487985084881854618e+03
7.266478127935250086e+03
-3.210794390187340468e+03
-2.443000656615038679e+03
4.739558259639399694e+03
-1.735469899671621079e+03
4.569675390906509165e+03
-2.111033080722129398e+03
-1.643583575112125118e+03
8.636429852596558703e+03
1.819232510042945432e+04
6.263857536063391308e+03
6.142665501168238734e+03
1.525744021449469619e+04
1.193719289615932894e+03
-3.552327098547857076e+03
-4.274483786645399050e+03
8.185807023956900593e+03
2.621895294385851685e+03
1.055750208671939617e+04
1.397431727583737847e+04
-1.309256896079363514e+03
7.575756995929895311e+03
1.000756249725408270e+04
3.578235545189520053e+03
7.214451547742644834e+03
-2.425043823134257764e+03
8.352311935440558955e+03
-2.349641004804578643e+03
2.013261733048115639e+04
-2.467766736520201903e+03
2.167983749754684595e+03
1.495864077696427739e+04
1.365204038537646011e+04
1.717843971244337445e+04
-8.854173531352977307e+02
-2.404222309897243576e+03
3.243805447896393161e+03
-9.902107539797428899e+02
5.313606649557359560e+03
1.850283560552629069e+03
-3.245012600681187905e+03
-2.867873464059812704e+03
5.009135993508967658e+03
1.629393262689220865e+04
-3.338085078628116662e+03
2.013244873232585087e+04
3.117129931725749429e+03
1.359006768723009554e+04
-3.302867922811620247e+03
-9.699659299547702176e+02
-2.022901737839541966e+03
7.480831537922395000e+02
7.414280431837159085e+03
-2.142786109748874878e+03
-2.877031246157941951e+03
-2.626059888360477544e+03
-1.455434504082083791e+01
-2.275629887404431429e+03
6.016421883754375813e+03
1.341467324047005059e+04
5.261464999550500579e+03
-3.090347886497227137e+03
1.278886501721076274e+04
7.743879142913538089e+03
1.132495334787295360e+04
-2.447303162133622209e+03
6.392013971773380035e+03
1.694511182353202821e+04
1.691705869273917779e+04
8.673486134143899108e+03
8.402244476668527568e+03
3.578278924938918863e+03
6.531379774752672347e+03
4.746741940393072582e+03
1.828052319212369184e+04
-2.528950769751442749e+03
8.904513915056053520e+03
1.114266381546684670e+03
1.009884243429315120e+03
1.939674899681609895e+04
4.992291948273585149e+03
-7.980701502553976070e+02
-1.786926069165067474e+03
1.245721673417757302e+04
-1.523414548048791403e+03
1.235782101727209738e+04
-1.673614864161889273e+03
3.359334733588822473e+03
-2.851774482216419983e+03
1.166778248459732367e+03
1.015659435696030778e+04
-2.557117830188996777e+03
-1.318731319982870218e+03
-2.173161501623686490e+03
2.063378101117327333e+03
2.559934923554307534e+04
1.371048437585870306e+04
1.131758300132340810e+04
-2.336190413479939707e+03
-2.360939180088650119e+03
5.913739010378768057e+01
1.491614299299440972e+04
1.690290855839288633e+04
1.967309504549883059e+04
1.608065396151741152e+04
1.943981693263484703e+04
1.585471463087322661e+02
9.105989316559129293e+03
1.007023872085822040e+04
1.430341567594898515e+04
-1.235155883754708611e+03
-1.441283873753948455e+03
9.511383711435037185e+03
-3.405813460793919148e+03
2.056539962277719678e+04
1.462251171916176281e+04
1.892487096196136690e+03
-2.560104702373471810e+03
-2.051060668010260997e+03
4.992191047036335476e+03
2.635429720560573969e+03
-2.965449225885977285e+03
1.980434719688626137e+04
5.301360361829765679e+03
1.269347404783618003e+04
-2.842140400301743284e+03
4.107781540174132715e+03
9.120096616568366699e+02
-2.260847406452104224e+03
2.622446988223184235e+03
1.114688130985372936e+03
-1.946350603139164377e+03
-2.920605901310297668e+03
4.632470938575732362e+03
-2.850776730603978194e+03
1.909943305819097804e+04
-2.443441309923752556e+02
7.164692042786661659e+03
-2.628449894610404954e+03
1.258904192260731179e+04
2.114578009107926846e+04
-2.599903632277309498e+03
3.596556691988361649e+02
1.389564991702693260e+04
6.196588669043721893e+03
-3.997227358541417743e+02
-1.773201268855894114e+03
-1.930704349060272079e+03
-2.533118442133836652e+03
1.444777990283138479e+03
7.608358369490580344e+02
-2.416340749984514332e+03
2.369329580400796112e+04
5.412306515402895457e+03
-2.569719033473792933e+03
-2.927487377978351105e+03
2.125868290966687346e+04
3.116852847165425374e+03
7.011167292603210626e+03
1.604650648942489715e+04
3.578222235566498966e+03
-3.299674131889291857e+03
9.692845528029105481e+03
-1.742910503199338109e+03
2.047718231301501146e+04
-2.673618284022289572e+03
1.263517698326804930e+04
-2.840005086622230920e+03
2.138240469175869657e+04
-2.851598872999912601e+03
-3.803373960841722692e+03
-2.950554001150567274e+03
1.538614662985084396e+04
6.659703776219834253e+03
1.446746208273998309e+04
1.560901131862945113e+04
1.893464044705420747e+04
-1.740642441239735945e+03
1.794417643698405300e+04
7.936403301914049734e+03
8.927895883207380621e+02
-3.649540531385639497e+03
1.955793967797633013e+04
2.132290657648094202e+04
2.143714010515993868e+04
-2.450939930071238450e+03
-9.707085606145764132e+02
7.232164454649330764e+03
-2.819123451282806855e+03
2.235884104253802798e+04
7.535929684956685378e+03
1.841890243477390322e+04
-1.072521482563677409e+03
-5.217407343984828003e+02
2.012864214280632223e+04
-2.176226998045446635e+03
2.524208144372700644e+03
2.164973601414437144e+04
1.132529718553594194e+03
2.092776899932620290e+04
1.305518990579504680e+04
1.289608650223326003e+04
-2.831171981538463569e+03
1.638289435572827415e+03
1.535246521321177897e+04
-3.054568732798817109e+03
1.575462093782556622e+04
1.170260368900302819e+04
2.121723224281734292e+04
-1.459888948673823506e+03
-2.461876133669029969e+03
1.739004699515723405e+04
1.321347875256259840e+03
1.268540582610563251e+04
1.019095440791779583e+04
1.482857568969737440e+04
-1.998677851613327903e+03
4.152149638972534376e+03
6.580528889056017761e+03
-2.295486712321016967e+02
1.989393494382559220e+04
2.404426922221562199e+04
5.930580448511202121e+03
1.186665862903548623e+04
1.523439851244938836e+04
-1.304234355835432780e+03
-2.335334612111209026e+03
1.441574880269165624e+04
1.706625693312127623e+03
1.232702119361407767e+03
1.986515234044770295e+03
-2.388005015694258418e+03
-2.835267075038324037e+03
9.334313866391285046e+03
2.587576390863705456e+02
6.048500688647688548e+03
5.500987257558238525e+03
1.597161874479015933e+04
1.742726521563452479e+04
-2.417050846478959556e+03
-1.940952918965144136e+03
1.589924450827345572e+04
5.961001512991829259e+03
1.252076288056595149e+04
-9.877976825189783767e+02
5.155842396837824708e+03
-1.606181590656821299e+03
4.195848474078808067e+03
9.972263354581071326e+03
1.174092945738628077e+04
1.370518367743389899e+04
-1.759586289187514922e+03
6.354015791180008819e+03
9.213521865599563171e+03
2.339802249736421436e+04
8.363744951142792843e+02
-1.824889298200954727e+03
1.494044771398876765e+04
2.516615631839329126e+03
7.910966558782873108e+03
-1.602863668441401842e+03
1.139295327061149328e+04
-3.076336691957120820e+03
-2.556687644714639191e+03
2.458808950202034976e+04
1.289634639376693667e+04
-2.933351959831849854e+03
7.108434210207282376e+03
1.543758311133992538e+04
1.088991809982390259e+04
5.340924500011356940e+03
1.146250147135972611e+03
-1.332276087354176980e+03
-2.535529491582858100e+03
4.917241088703793253e+02
-2.868568034316452213e+03
-1.424937113964457239e+03
1.906878257378772787e+03
1.642505591549095698e+04
1.553027781458400750e+04
2.806849373425873637e+04
1.204878199005826718e+04
9.989584722529576538e+03
2.847062861477705883e+04
1.625800478020327682e+04
-1.851778043069331034e+03
-1.965833839654826534e+03
7.487603226085037932e+03
1.455932857283886915e+04
1.810006026966265563e+04
7.570496004209051534e+03
3.305150370341441885e+03
-7.509729297177968874e+02
1.521386051513828534e+03
-1.943993762800483864e+03
6.620557888836679922e+03
-1.344156324963631732e+03
1.170951220487527098e+04
-1.821034800437938657e+03
1.154205552888143211e+04
1.532579550123685658e+04
-2.807452014935812713e+03
2.384138251573484013e+03
1.783431016084285511e+04
7.006199759997218280e+03
1.092360093058430550e+02
1.233502166731601756e+04
1.942079200223650696e+04
2.565899597719010853e+04
1.985747281074968123e+04
1.397220621361873964e+04
1.281850780524865877e+04
6.802541535579787706e+03
2.623977226114162841e+04
1.767480121138622781e+04
-1.047299688181769170e+03
1.775040261845617351e+04
-2.566327458726929308e+03
1.605811117090084736e+04
1.533876519217510941e+04
5.060590806446506576e+03
2.481025837249524193e+04
-1.839831156661851537e+03
1.482351398365363275e+04
-2.819089584018799542e+03
5.104670645903680452e+03
8.864495687699729388e+03
1.608952902165450178e+04
1.079187329616492752e+04
1.093371768913192500e+04
2.363567952910450003e+03
9.060119644043850712e+03
-2.824688781112540710e+03
2.018668736336429902e+03
1.187911367477378190e+04
1.931385181857904536e+04
1.673634671781952784e+04
1.430622852968164989e+04
1.581165439909141969e+04
-6.177432259389984210e+02
3.078269256513327946e+03
1.503614261342177451e+04
6.922338231878143233e+03
1.496377260783027668e+04
1.903483405633083748e+04
3.605163978465233413e+03
1.544057795156983502e+03
9.197677859674115098e+03
1.098413080003300456e+04
1.898625103901965849e+04
-2.790726141574828944e+03
4.945152952847101005e+03
-2.233953947576873361e+03
4.684264582696165235e+03
-2.180408426185644657e+03
-1.686470414008545276e+03
-1.431336993135600778e+03
6.267632462854397772e+02
-2.574760730430895364e+03
1.585318332313878818e+04
7.917385994258950632e+03
1.285652895619114133e+04
-1.894314476115978550e+03
1.740970191993602930e+04
7.756825848680006857e+03
1.794961056750787611e+04
-3.015659579358202336e+03
1.010584621632960807e+04
8.122418947051733994e+03
2.029003032355935648e+04
-1.592234717820660762e+03
6.693835440414566619e+03
9.014144307499249408e+03
1.767145803577924016e+04
-2.779716757567249260e+03
-2.712133486369033562e+03
1.867788264101279083e+03
2.163845629364208435e+04
6.902369256494716865e+03
1.217269697840591652e+04
1.417965514833436282e+04
-1.650128066296117140e+03
1.319280165605246475e+04
-2.473617248145748817e+03
2.329996226914082581e+04
1.139542769596030303e+04
2.131276445768922713e+04
1.376567785484702836e+04
-2.496274354164120723e+03
6.425062599477349977e+03
6.976203252368921312e+03
3.435466068552339038e+03
2.239753528274637210e+04
-1.444505374431184919e+03
1.679088620722112682e+04
1.799192652514204747e+04
1.921850593733437927e+04
2.520924419913984457e+04
2.421842684574079976e+04
1.022690349452092050e+04
1.820845079295195683e+04
1.288314256962735999e+04
-2.061353013421353353e+03
1.107477512915883744e+04
1.508559137308718164e+04
6.107913234486451984e+03
1.887198002363663545e+04
-2.657101527402503962e+03
-2.467114850950538312e+03
7.118162663083227017e+03
-2.339301000516311888e+03
1.116842726617566404e+04
1.409828959725370441e+04
1.873167504069288771e+04
1.275280508103402462e+04
1.330491600350261615e+04
3.394050774658077444e+03
1.425584433120943504e+04
2.165594636212632031e+04
7.507526697323307417e+03
-1.242420775351697785e+03
1.770513930619725943e+04
6.268429496017380188e+03
3.106646189061781115e+03
-1.520656819766954868e+03
1.013441167039383618e+04
8.346728483949153087e+03
2.007778942644823474e+04
2.447181149245317647e+04
-1.451149977645022773e+03
1.897967335783818999e+04
1.500040972390747811e+04
1.283540953728138629e+04
1.526419025758391399e+04
1.925592560858470824e+04
-1.918562233003931169e+03
1.234925852981619073e+03
2.358500438588503312e+04
-2.575598947693530135e+03
9.737085537334045512e+03
1.348820291353646644e+04
9.385901988056093614e+03
1.113258940705459099e+04
8.592066445075190131e+03
-1.848230010192824466e+03
-1.712290810107869447e+03
1.489014948157277286e+04
-1.783873998867464252e+03
1.943847324240845410e+04
4.252279066127704937e+03
1.864325206340456862e+04
1.061272059609263124e+04
1.994650505112616520e+04
1.942184701863209557e+04
4.085673388507246273e+03
-1.944291593958471140e+03
1.899070814821290332e+04
2.385205057513394786e+04
1.680403723672244814e+04
1.880184819952184262e+04
1.454897311234879453e+04
-2.488689912392306724e+03
2.655386940022387353e+04
1.802489803787113124e+04
1.522490490670486724e+04
2.195484312969621897e+04
1.774361589021960390e+04
-1.943477031189508807e+03
-2.370119770122218597e+03
-3.003659816831462649e+03
-2.694460709566201331e+03
-2.314700250680206409e+03
1.144939770341979420e+04
2.976234733393825991e+02
6.659929951452992100e+03
4.431294499619647468e+03
-1.556696406159501066e+03
1.400875166674041611e+04
1.608176067273738408e+04
1.381784315172292372e+04
3.057039063231260116e+03
-2.617028552602023410e+03
1.953727610233158703e+04
1.398275845214416040e+04
-1.457379300976942886e+03
3.388995530883357333e+03
7.439634929453060067e+03
1.521817465775555320e+04
1.123842426935948970e+04
-1.821142352509512875e+03
-2.926800126512514453e+03
4.686203604389174870e+03
-2.604462599527520069e+03
3.533802257701118833e+03
-1.812270504354209379e+03
-2.766199758430786915e+03
2.687950902630659766e+04
1.624463506989706002e+04
6.338062226513554378e+03
-2.014165209102511426e+03
1.974959615299406096e+03
2.074690009411791834e+04
-2.241551695421872864e+03
8.335706494307107278e+03
1.051499542145645364e+03
1.524496030724999764e+04
1.635916180790645012e+04
7.395181989450710716e+03
2.142319582059894674e+04
1.935682377986243955e+04
1.026793905793642625e+04
1.569390750454475346e+04
-2.273378783894039771e+03
1.296896983669128167e+04
1.005247503022160345e+03
2.153526281400454536e+04
-2.012000698936558138e+03
6.272129627746737242e+03
1.935152180159111231e+04
3.769121262973816101e+03
-2.478529497971130695e+03
7.451856997136887912e+03
1.507852559767888488e+04
-2.625606899582770438e+03
2.467632558126848380e+04
-2.089220453561037175e+03
2.041210685675455534e+04
8.508295323802423809e+03
4.340874532287484726e+03
-2.178397309166717605e+03
1.036644476543066776e+04
1.517311358153408219e+04
-2.070405937036790419e+03
2.045932554389339930e+04
1.862419724288153520e+04
2.100906238296735319e+04
5.820698720000963476e+03
-1.952408932393454961e+02
2.239886301301764979e+04
-1.704727917346727736e+03
1.046609864266961085e+04
2.579137232753902572e+04
1.190903141763619897e+04
-2.162325390804344352e+03
2.367135301251261808e+03
1.794793334533027883e+04
-2.478070551644749685e+03
2.381491034701501121e+04
9.957453866021367503e+03
1.929981757570906120e+04
1.200574676318091406e+04
1.911626344550200156e+04
2.430657582838278540e+04
1.538364486520102582e+04
2.053976117818763669e+03
-1.482159590377765198e+03
5.894147164342948599e+03
1.421408511441013798e+04
2.609785667673348144e+04
1.451336959505394407e+04
7.407815149033742273e+03
9.684941928329377333e+03
-1.955758114523808672e+03
2.022823745851414424e+04
-1.030373064767814185e+03
1.775120080956448874e+04
-1.384385678441882874e+03
1.724241899635474692e+04
-1.281602024827779587e+03
1.772782912008267522e+04
-5.722838531181902226e+02
1.518854933970776074e+04
1.545090168486000402e+04
9.174624205932659606e+03
-4.738996319984716138e+03
2.021073151146249438e+04
1.227015635949774332e+04
1.781103990223679284e+04
-1.949009723098588211e+03
1.912067771156160597e+04
-2.757929816731389110e+03
-2.376116330155735795e+03
1.035385259208193702e+03
2.186750943982886383e+03
-1.552688593594970371e+03
8.682464386780126006e+03
1.736224897061966476e+04
2.048680284406756618e+04
1.292318578353718840e+04
-2.186646027923510246e+03
1.162493729007425281e+04
6.191089813450753354e+03
7.780441763904377694e+03
1.693173709018078080e+04
1.542983030879300350e+04
-1.717715536846946407e+03
1.072778114119105703e+04
1.624383087666429492e+04
2.095522950624223449e+04
1.853495481302776898e+04
2.208217392462324642e+04
2.329310922042402672e+04
3.140551195966118939e+03
1.252834052244757731e+04
1.991039002019775216e+04
1.085577836284471050e+04
1.889292200185966067e+04
-2.442711110100655787e+03
-1.749069365778887686e+03
2.560259557393217256e+04
1.252665030777747234e+04
1.530050786842861271e+04
-1.333429228997632208e+03
2.343169511276578851e+04
-2.276732961259476269e+03
8.800981957490266723e+03
1.758179360299241671e+04
1.006740094406122444e+04
3.022000538230627717e+04
-1.323337703704052728e+03
3.040280806504457723e+04
2.706251501576291412e+04
-2.141969243627953347e+03
2.251198247975821141e+04
-2.063366242369749216e+03
1.644058725577261066e+04
2.137459565122657659e+04
1.639208976989291841e+04
9.407439993783915497e+02
2.023744830568035832e+04
-3.363277689899641700e+03
1.560983298652824305e+04
2.583107368692721138e+04
2.181206557906172384e+04
-1.702068593790465002e+03
2.562844638202360147e+04
-1.772241382559770727e+03
1.928315952759116408e+04
-2.616128052401089008e+03
2.213522962524792456e+04
-1.361844340756010979e+03
1.016071611408901299e+04
1.744308237198810457e+04
-1.172208582172565457e+03
1.555501723269782087e+04
8.267852292194582333e+03
1.921793772489996263e+04
1.106666845754682072e+04
9.558627871347374821e+03
1.542203028576781981e+04
4.413012490285525018e+03
1.111921920250305084e+04
1.710634555799695227e+04
-2.397878369987725819e+03
-1.732587468593272888e+03
2.515987996314658449e+04
2.135771247606831093e+04
3.587659937527077147e+01
1.492564895354632199e+03
1.937849288770948624e+04
1.457148470196271046e+04
-2.351346861711446763e+03
1.591782448638469577e+04
-1.289815914167483925e+03
2.218817369418119779e+04
2.935052959691934666e+04
2.714990647099600665e+03
1.698897571298506955e+04
3.195691636688962535e+04
-1.682292594155924689e+03
2.350342662267422929e+04
2.410273692994442899e+04
1.650112459219464654e+04
1.579028620555807902e+04
1.751611492889817964e+04
-1.708351124312171805e+03
-1.575587021486106778e+03
1.494774046473876297e+04
8.389818323722851346e+03
2.477782960537423060e+04
2.525796327486041992e+04
2.389201407030557311e+04
3.164367781349951838e+04
8.772044469459302491e+03
3.300581000772675907e+04
1.987351286029995026e+04
-1.955772883888894739e+03
9.793742937782841182e+03
1.472304948053804583e+04
1.382961992886865846e+04
8.831399376661502174e+03
-1.197707864301037262e+03
1.989434834030334241e+04
2.041070078205136815e+04
1.326813955534885645e+04
-2.043983632782638779e+03
-1.407108601955133508e+03
2.173460835068655069e+04
2.567469032117476672e+04
-1.220886176375408922e+03
1.607967539103613308e+04
3.351110274659214338e+04
1.213915483582128945e+04
9.331775698744924739e+03
1.188680649028172411e+04
2.213901148188093430e+04
2.102106456272791547e+04
2.081577546664910915e+04
-1.987747776073528257e+03
1.993164605968185424e+04
-2.218937848048115029e+03
-1.321839274560590184e+03
-2.254153109551957641e+03
1.181613384083799974e+04
2.223324150629382711e+04
2.436655073501044535e+04
2.074409282501704729e+04
-3.224319988091228424e+03
1.158941192789891102e+04
1.911033192617299210e+04
3.418284202827097943e+03
2.673724425964685361e+04
1.222448802243488717e+04
2.438066576797878588e+04
1.644048053487512789e+03
2.053088625448291350e+04
-1.214250541563096704e+03
-1.796030833121678143e+03
1.287895889892485320e+04
1.129469396387676170e+04
1.178073660630410268e+04
5.332525014612842824e+03
2.202474238501778746e+04
2.471095558427054493e+04
-1.709603242988832562e+03
2.010661679236446071e+04
7.909174533361070644e+03
-2.505057651353614347e+03
-1.587065915522806563e+03
2.347183191370967688e+04
1.695966079824592816e+04
2.271013728152739714e+04
-1.293739263179490308e+03
1.643838527019001413e+04
1.092189827743091882e+04
-1.909166009079330024e+03
1.936697290604418595e+04
-1.284148963477207644e+03
1.449523747772522984e+04
2.427577939765184055e+04
2.467929603810461776e+04
1.860574507509445903e+04
7.167436135710873714e+03
1.100561309943118431e+04
2.039003406723157241e+04
5.396646918697511865e+03
-2.257081632556504701e+03
8.443005514372793186e+03
1.247052303699210461e+04
1.922772106527840151e+04
1.246366424261897009e+03
9.366325606351978422e+03
1.241727681892582223e+04
1.313791003633377841e+04
-1.821966297404142324e+03
-2.536829272748727817e+03
-1.279703915807709109e+03
2.104834080988771893e+04
2.539970592615828355e+04
4.676354997050459133e+03
1.640519335363322534e+04
-1.345007759520712398e+03
1.554229277187634034e+04
1.549529895515382850e+04
1.464963228639485169e+04
-1.653094682557283249e+03
-1.901576383380919879e+03
1.662831243458394965e+04
-1.886530202157608983e+03
-2.172956207175465806e+03
4.817425078570106962e+03
2.723664477271360010e+04
2.444630037011957029e+04
2.631035054051427505e+04
1.447874118247808656e+04
2.761083451913176759e+04
1.798765876045703772e+04
2.114537845220926829e+04
-1.299247938367914685e+03
2.155668811812260174e+04
-2.587834027846701247e+03
1.262153897398149275e+04
1.922469984501818544e+04
9.345803362409935289e+03
9.914602621636431650e+03
1.564471339050254937e+04
1.989397828968292015e+04
1.980919458724318247e+04
1.953731181381831630e+04
2.409214431666221935e+04
-2.351502693802022804e+03
-2.318587892176728928e+03
3.596885590527810564e+03
-2.068433215257200118e+03
-1.205302749600992229e+03
3.134032507766392882e+04
2.771302842579961361e+04
1.859596953037046842e+04
1.984145856465678298e+04
2.865855517771362793e+04
9.074053672691647989e+02
2.650437188066264207e+04
2.542810662602931188e+04
1.451233876386398333e+04
1.688132501194524593e+04
1.223441527095090714e+04
-2.359352203155670850e+03
1.341463726070361918e+04
1.476536244464712945e+04
2.343458841575629413e+04
-1.666782610153037467e+03
1.795521179899362687e+04
1.788350726622876755e+04
1.255263189721411072e+04
2.650174637816231916e+04
-2.731895008673543543e+03
2.535885240401008559e+04
2.239643568613816387e+04
8.140955432049743649e+03
1.349304696596565373e+04
2.373766307383398089e+04
-1.933347630202561959e+03
1.553869078280518261e+04
-1.292554926110624592e+03
2.386619698604715450e+04
-1.358972374343293268e+03
2.337281262818577670e+04
2.593322529604067313e+04
-1.264608989595882804e+03
2.013619811801694141e+03
1.606333994817381245e+04
-2.134049647403072413e+03
2.622297043959130679e+04
2.874877263519550615e+04
2.029071364887426535e+04
2.871955238955653840e+04
-2.175881672525065369e+03
2.275651011244339315e+04
1.913190819154190103e+04
-1.016801656536109249e+03
-1.123487423726080351e+03
1.468130493357533669e+04
2.375780208238805790e+04
2.178935454696827219e+04
2.726379370852830834e+04
-2.586622656261293741e+03
2.184289024650840292e+04
-1.926502148894519678e+03
7.310417867447436038e+03
-2.199487421145684948e+03
2.685894270980039073e+04
-1.609653957282453803e+03
1.976557646376781850e+04
1.591316545287287772e+04
2.092065291705152049e+04
2.074348348915019960e+04
3.098747198440449938e+04
2.271287558690570586e+04
1.753758159874789635e+04
-1.339904474797765033e+03
2.375927788324548601e+04
2.695111660817789380e+04
-1.620466840735608685e+03
1.531201992255540790e+04
1.629809035482084619e+04
1.989097868660383756e+04
-1.492481913647336114e+03
2.126142098139827431e+04
1.874855331266267603e+04
-1.542816710799047996e+03
2.591700186219440002e+04
1.351001947334540637e+04
2.340681477513278514e+04
1.443967725976323709e+04
1.467673554138891996e+04
2.003593130023875801e+03
3.033475339771708605e+03
-1.337458783140852120e+03
-1.217338673247233828e+03
-1.403000898122845228e+03
1.556500493471620211e+04
1.092200831654487047e+04
2.477608176706605445e+04
-1.751221922557065909e+03
-1.305657082438243151e+03
1.641069835182612223e+04
-1.692448657042177729e+03
-1.818837876217500707e+03
-8.051360604316691933e+02
-1.393594152478154228e+03
1.396089984671562343e+04
2.045448562588039204e+04
-1.085122828332681593e+03
1.528993737848195269e+04
1.040964306681161179e+04
2.474475275772328678e+04
9.251672376515229189e+03
1.600475927598407179e+04
2.356527685197511164e+04
2.200454630615832502e+04
3.192887473459705870e+04
2.365117842539662524e+04
-2.040012803009965182e+03
-2.222003938162481063e+03
1.954766655373051617e+04
3.552526273565617430e+03
-2.340940221197878145e+03
-1.206266973413455844e+03
1.341708562991246254e+04
1.880284740926646555e+04
3.143126928809391393e+04
1.604488334704788031e+04
-2.129665149351696527e+03
4.245740367224719193e+03
1.762588688805545098e+04
2.020135801098701268e+04
1.819081142184876808e+04
-1.918066391102357329e+03
3.273154364175138107e+04
2.490943399644189049e+04
-2.317467071733094599e+03
-1.818379076574195778e+03
2.321634418129712867e+04
-2.416553185347673207e+03
3.128808699080733277e+04
3.868619388343854098e+03
1.092411297789480523e+04
-8.645025405359426713e+02
1.590368768297535644e+04
3.306068294573757157e+04
-2.011651464539705557e+03
-1.021015325354640140e+03
2.177424062783993941e+04
2.687437671362426772e+04
-1.714884693164025066e+03
2.168093883410800481e+04
9.289860795875867552e+03
3.606144542323693895e+04
-1.755003197291429842e+03
2.063291784547342832e+04
2.365070444021349249e+04
-1.858119569219296181e+03
1.625904975513971294e+04
-1.603778403543883996e+03
1.858251281418455983e+04
-1.821453613599453547e+03
2.884308040769394211e+04
2.608052153150957747e+04
7.332575885003145231e+03
2.433555590974105144e+04
2.351529283054395637e+04
1.506444839564665017e+04
-2.192930189285921642e+03
1.692112685191271521e+04
-2.699264694409223921e+03
1.676171808179550862e+04
2.549955291540339022e+04
2.123593836874700719e+04
2.382104220868548873e+04
2.518488522283384737e+04
1.137110354660826488e+04
-1.927502689002467605e+03
1.972549342390722086e+04
1.157045587858099861e+04
2.320328686254087006e+04
1.799176813501955257e+04
-2.031086635729217960e+03
2.061730081978537055e+04
3.022811342068649901e+04
2.368713912470416108e+04
2.110531886727745223e+04
-1.305637401867782728e+03
-1.018270597252425659e+03
3.112764305838348446e+04
3.125227116065406517e+04
1.825018211384423694e+03
-1.722788284733175942e+03
1.736691541657477865e+04
-1.427257280244171852e+03
1.560165992634694885e+04
-1.571538216287551222e+03
-2.024231780569954708e+03
7.351602515858397965e+03
8.946807800386986855e+02
1.732366919833444263e+04
3.469518808629469277e+03
1.278144620129099167e+03
-2.033278624463817778e+03
1.231462096427500364e+04
2.101513983882055982e+04
1.479264272438925946e+04
1.549616488751057295e+04
2.372861861536772267e+04
8.014240823581043287e+02
-9.904331273347966089e+02
2.057029021588056639e+04
2.242819863400834583e+04
1.182233253037764371e+04
8.568072905340390207e+03
2.979849661190230836e+04
-1.302202927947808575e+03
-1.072600473285538328e+03
2.082457781907791650e+04
2.790949679038196336e+04
-1.953953544319038883e+03
1.590243514928305740e+04
1.769390311872170423e+04
-1.400072495437841098e+03
-1.874331821723576240e+03
1.185877770164393769e+04
2.231046255350402498e+04
-1.106284052546705880e+03
-1.898677777803665549e+03
1.286262279564428536e+04
1.311721001103265371e+04
3.018423988671212646e+04
2.025050604209292578e+04
2.213435284830206365e+04
9.996501396642788677e+03
2.535073985712521608e+04
1.846865856396823074e+04
2.775339708212120240e+04
-1.472922013396002740e+03
-2.220417528120127827e+03
2.979983631264376527e+04
1.471059203908553172e+04
9.063042311500406868e+03
1.310832223383213386e+04
1.826532056127794567e+04
1.416739963917622481e+04
2.653436808224405831e+04
2.009881049857983817e+04
2.770428187185871502e+04
2.330844861610656881e+04
6.152305988391927713e+03
2.635477867415909350e+04
2.397741354226877229e+04
1.523165848200254732e+04
2.662732430985597966e+04
1.480789436093468612e+04
1.915737028726585049e+04
-2.749978928042139160e+03
-1.405102893468973434e+03
2.528730287452105767e+04
2.864688973927886036e+04
2.221801930610386626e+04
5.550921634428895231e+03
2.502091487396698722e+04
2.613278484216948345e+04
-2.038194262985262185e+03
1.596252882948901424e+04
-1.951152735975146243e+03
1.632688330849816339e+04
-1.544449486701308160e+03
3.094038103677705294e+04
2.424534727971316897e+04
3.936506431442972371e+03
2.495471819531006986e+04
-1.576955627743373043e+03
2.675810417652843535e+04
3.665915028186530981e+04
3.341361700717431086e+04
1.495149320186371915e+04
3.467202440730034868e+04
2.923651322606090980e+04
6.679676486878125615e+03
8.857647852806208903e+03
2.199783958397322567e+04
-1.211555843335807140e+03
3.368432189206231851e+04
1.530643484597974020e+04
2.649262559976098055e+04
2.082912684449163498e+04
1.835939011711742205e+04
3.377103603545710212e+04
1.810695069836185212e+04
2.764711982920435912e+04
1.452911356807766788e+04
-1.380517835490129983e+03
-1.279921429816766249e+03
2.000842929684850242e+04
2.415927620493785798e+04
-1.853281510729392721e+03
9.438849142972650952e+03
7.833593339772692161e+02
8.449160320351575137e+03
-1.081912868495764769e+03
1.849371346501104927e+04
2.637098915847801618e+04
2.529457792333700854e+04
1.607424550773604824e+04
1.582523634773243248e+04
-1.582423391315277286e+03
1.924749792060601249e+04
1.525824406923772403e+04
1.184350559803861688e+04
1.948663486563010520e+04
1.802141621180680158e+04
2.523099945161283904e+04
-2.231359832297399862e+03
-1.641827569192021656e+03
3.115875053752197709e+04
1.984711619941591562e+04
-1.197835958894558189e+03
1.765404879323659043e+04
2.741593288220557588e+04
-1.411004941564622413e+03
3.094906386704731631e+04
1.078354036345239183e+04
2.313713518957525594e+04
9.738812012531934670e+03
3.114551309699108606e+04
1.823337118219050535e+04
3.228458963817072072e+04
2.061763470628319919e+04
2.575276809991718983e+04
2.604990965611692081e+04
2.071018176668496380e+04
2.209466907540605098e+04
1.500282463419350825e+04
2.993189117775651175e+04
2.344458708218193715e+04
1.858083931871469031e+04
2.839755929534880852e+04
3.073393793855673357e+04
-1.915052643051548330e+03
2.033895860272378923e+04
2.975535789065076460e+04
2.253281525502434670e+04
2.561375274830443232e+04
1.968818047580898565e+04
1.594405644209956699e+04
2.135695952871076224e+04
3.024880334291715189e+04
2.375464244815937491e+04
1.843562975731398910e+04
-1.320927731516173026e+03
1.890759426956788593e+04
2.419737577755601160e+04
1.157654351664054229e+04
3.542100296714128490e+04
6.307170127420654353e+03
2.525783878193749842e+04
-1.837298586754697908e+03
-1.646541477880304228e+03
3.170255163245728545e+04
-1.875268585756954508e+03
2.361254868850807907e+04
2.586860911216203385e+04
3.181955195589083814e+04
2.283129043598406133e+04
-1.028888808171779829e+03
2.190344316159070149e+04
1.011755823430797136e+04
1.877069684152995251e+04
2.335410840491017734e+04
1.336930504942626976e+04
2.756166721432173654e+04
1.586553034912563999e+04
2.265711673746303495e+04
-1.353168608004263206e+03
7.302176809778225106e+03
1.535288485013369791e+04
2.546039053336918369e+04
-1.753963630359244462e+03
7.794909936800038849e+03
-1.836647598524116574e+03
1.511675145010475899e+04
3.231948391602668562e+04
2.062881135413160882e+04
3.064096787665371448e+04
2.154920213694707491e+04
-1.605000624951728923e+03
2.685986296000468792e+04
1.790289372847016784e+04
-1.553579061900984016e+03
8.066227691406382291e+03
2.711287956968283834e+04
1.830408542118085825e+04
2.151332996043146704e+04
-8.845688077945692385e+02
1.997425862065182446e+04
1.125568482540082550e+04
2.806601764848192397e+04
3.116345577216424499e+04
2.720031249542694786e+04
1.798602999675795945e+04
-1.735822221499586476e+03
2.949405640809460965e+04
3.047924877031020151e+04
-1.062357774348503654e+03
1.449785558899982971e+04
3.750658131690987830e+03
2.102944836045892589e+04
3.606564492427732330e+04
2.583207964503555922e+04
3.391201023503552278e+04
-1.240114631281312313e+03
2.043551697260154469e+04
2.608247314568600996e+04
3.342552290018008352e+04
2.555245180276286192e+04
-1.939151038333966426e+03
9.821330729439714560e+03
2.437247609933870990e+04
1.740585847341215776e+04
2.642609767870551514e+04
2.717730630782000662e+04
4.845877761459766589e+03
3.006868508903414113e+04
3.112552399609099302e+04
2.742223397170857788e+04
-1.939144998053916652e+03
2.645810274191609642e+04
2.931622247935394989e+04
1.684006271871662830e+04
2.217026684209640734e+04
2.992136137170901566e+04
5.840944289056226808e+03
1.410658571799692072e+04
2.174205280901758670e+04
7.843075511476689826e+03
1.572468459769236506e+04
2.292358278129492464e+04
2.766861208464663650e+04
2.970963737625055001e+04
2.347989848298596553e+04
2.479164830897725551e+04
2.719488753183933659e+04
1.485985855130003256e+04
-9.636560265605222639e+02
2.881707719764695503e+04
3.257146814177147826e+04
2.302160056187252485e+04
1.688462207534878326e+04
1.667336510435436867e+04
1.419299746005546513e+04
2.294733958325913045e+04
3.356239033163701970e+04
-4.099959861476163496e+02
3.255418343436096166e+03
-3.282789651324222291e+02
3.234817536326711706e+04
1.683574910570075372e+04
1.920741431694754283e+04
-1.830344256385640165e+03
2.178795499047559497e+04
1.597188647893563211e+04
2.219624509471801139e+04
3.046910155316791497e+04
-8.999279569366002534e+02
2.654768039253103052e+04
4.254459051809799348e+03
1.329272108947020206e+04
2.903533031811158071e+04
1.001231283567384162e+04
2.657387446882167569e+04
1.503703861451287230e+04
5.549357026432203384e+03
2.921143933173061305e+04
2.618300082296230175e+04
2.234368697529931524e+04
-1.591729992759134120e+03
2.647103665210307736e+04
2.798990876777374433e+04
2.039887980991882432e+04
-1.499546065365982031e+03
2.157942345143823695e+04
5.871615556617006405e+03
3.222100451350685762e+04
2.168149668863724582e+04
2.833826826532698033e+04
-9.510308730770132115e+02
2.417747143353238789e+04
-2.085111439240736672e+03
2.318232102470949030e+04
2.459862616722154416e+04
-1.485499950556147951e+03
-6.710420026081070546e+02
2.400800834883447533e+04
-1.085232144841918625e+03
3.096328815174241390e+04
-1.719635182790771069e+03
-1.466150098006870167e+03
-8.824239999622997175e+02
1.057640618516772702e+04
3.037720490504609188e+04
1.635275187144597112e+04
-2.030305922744328882e+03
3.009460068287494869e+04
3.090253100390157124e+04
2.959798745745552151e+04
2.996362494075517316e+04
3.678122957462156774e+04
3.362852242311339796e+04
-1.407653511224100839e+03
2.800088166011395879e+04
8.161347231065476990e+03
2.679276135697537029e+04
-1.583735701789647692e+03
3.855877981177215406e+04
1.699117874778933401e+04
1.376151090955317341e+04
-1.016052381241630428e+03
3.419703724932516343e+04
2.695865690353454920e+04
-9.651211756559274590e+02
-1.378708055955058853e+03
3.071933444188759313e+04
3.242864452448393058e+04
3.503498137524584308e+04
2.064678517905436820e+04
2.817996911571217424e+04
3.174256660085757176e+04
1.487982847485332786e+04
3.213847030080371042e+04
-8.498958239736645055e+02
-1.400425096493240744e+03
2.958662378550101130e+04
4.236992929465889119e+02
-1.440418099545405084e+03
2.769230050124589980e+04
-1.535385886962313634e+03
2.393836470469119740e+04
3.882479563946843882e+03
-1.989961261120766949e+03
3.254117720343535257e+04
3.284919494363651029e+04
2.495189421595666499e+04
2.951695004600327229e+04
2.076986576469491047e+04
1.669130360288657175e+04
2.941349224195470742e+04
-8.567101707356207498e+02
3.276057894691657566e+04
3.867509657347110624e+04
4.089848016166951857e+04
1.982954615060511424e+04
-1.381489413745229740e+03
-1.669059674145645886e+03
1.711745776723322706e+04
2.805189126665928779e+04
3.464049705546360929e+04
-1.900887521962436949e+03
6.692115854898575890e+03
2.987061973469172153e+04
3.220747634506133909e+04
3.551500095058551960e+04
-1.640333744478158906e+03
-1.047552998054864702e+03
2.054683535024525190e+04
2.063565903240474654e+04
2.640959358419119962e+04
2.496588870034349748e+04
3.291877638203641982e+04
2.874595484041698728e+04
1.817371471623861726e+04
-1.150330517079039055e+03
1.978523998328137168e+04
-1.371403574334143059e+03
-8.049204873835365106e+02
2.015188319889598642e+04
-1.793380157427392305e+03
2.282063413009356373e+04
1.407493085480804621e+04
1.254478923286615827e+04
2.617774593236300643e+04
3.823940593888426520e+04
3.170950277693466342e+04
3.431053765100362943e+04
3.041423096639452706e+04
2.438687980768036505e+04
3.069045107532857946e+04
2.633514502639508282e+04
2.583045119760823582e+04
1.873900716166783241e+04
1.441144427152739991e+04
-1.332863891871949590e+03
-1.299443996847415974e+03
1.866488089327705893e+04
-1.630686191118635406e+03
3.193588699363786145e+04
1.318979136985974765e+04
-1.894352110004964516e+03
-1.386442807709904400e+03
2.402623248233689810e+04
2.158443316505585244e+04
1.780497501902373187e+04
3.433759388402444893e+04
1.469670335179580070e+04
4.081406157708680257e+04
2.744420808743225643e+04
-8.182136669144776988e+02
-1.596666556407418966e+03
6.176248089685205741e+03
2.711490995364207629e+04
2.650807173557489295e+04
3.061739921827640137e+04
-9.923656098323162951e+02
2.786997713841601580e+04
2.663765083593488816e+04
1.284838912803976564e+04
2.856490108579072694e+04
3.664396428591231961e+04
3.274870701917259066e+04
2.197202370753818468e+04
2.824065570704321726e+04
3.028911480249038868e+04
-1.427765655361759855e+03
3.025289256502664284e+04
2.990861148037306339e+04
3.250138014151501557e+04
3.350011132802804786e+04
3.348128292220922594e+04
-1.158959201717067117e+03
1.859713801036312361e+04
1.670139226016534394e+03
1.930209940342154005e+04
3.268094431404141142e+04
-1.184312361068273958e+03
2.735462958663930476e+04
2.982659198396363354e+04
3.320080122905976896e+04
-8.897225573366727076e+02
3.634141562220361811e+04
-1.463793873812681113e+03
-1.382726844167787931e+03
1.705524388504395756e+04
4.485928253102238159e+03
3.184607791558240206e+04
1.244207374413218531e+04
-1.350406235866717680e+03
2.173184636619988669e+04
3.068307905241730987e+04
1.164729471821970583e+04
1.924698588041650146e+04
3.240396522292133159e+04
3.622702823205503955e+04
1.940308995251642045e+04
3.938427769937273843e+04
-9.366161232733844599e+02
2.637100182181785567e+04
3.157738853915630898e+04
2.349099331497521780e+04
2.573102202892659625e+04
2.802719923055493564e+04
3.088046894918219550e+04
3.397734442326783028e+04
1.527285967203982364e+04
3.971739953631420940e+04
3.204964514272259476e+04
4.028208835541860753e+04
1.776753990073215755e+04
-1.498153298583124069e+03
-1.122443545661232747e+03
2.016343613783417459e+04
3.693091064914199524e+04
-1.873016766887746371e+03
2.418095480573702662e+04
3.161847943195405605e+04
3.028251080810004714e+04
2.575419808511800875e+04
1.815587918488119249e+04
2.079399730836823437e+04
2.177151113944140889e+04
4.018586656231465167e+04
-8.637063975844196193e+02
2.555156840602948796e+04
6.278344536512154264e+03
2.860802423631904458e+04
1.989052753151037905e+04
-1.321703827321037579e+03
2.975909744570722251e+04
2.182537883582649738e+04
3.015790249546551422e+04
1.427890274305834100e+04
1.983949580865384269e+04
3.726889465696250409e+04
2.550656428730173866e+04
1.990813024225848130e+04
2.405366843625526235e+04
2.478191954024136066e+04
3.348936421921375586e+04
1.816727091021325759e+04
1.336527044166477572e+04
-9.297585740074891874e+02
-1.100426390288390166e+03
3.744705614618870459e+04
1.925225680435834875e+04
-1.320597641248121136e+03
3.254707693330601978e+04
3.611687301300914987e+04
2.647623445855331011e+04
-1.414410253029572687e+03
3.033755841997117022e+04
2.094825529225623541e+04
3.690361929443511326e+04
2.965243751540029916e+04
3.358479201410317182e+04
-9.169449879489358182e+02
1.673113111128024684e+04
-1.173566380827442117e+03
-1.213854195968532622e+03
2.818522334885811870e+04
-1.345467205751313486e+03
1.887564835137466798e+04
3.355517226759625191e+04
2.282453449753294262e+04
3.323424682318916894e+04
-1.015675852420328283e+03
2.886209300040776725e+04
-1.253845284765200631e+03
2.889849876686602511e+04
-6.603339847212849918e+02
1.050115948223313353e+04
1.904031550225920364e+04
2.956438294459061581e+04
1.851769527806225960e+04
-1.407667476654204393e+03
1.708539908277599898e+04
2.274013167960081773e+04
-1.463998760465820624e+03
4.527065537328923710e+03
2.616634240068374129e+04
2.792742518780903629e+04
-9.399814279116972102e+02
2.336890392250314835e+04
2.417217826898118437e+04
-8.246385503365747809e+02
3.275114870215457631e+04
-1.319159405392137842e+03
3.746032184778062219e+04
3.247208778019537567e+04
2.392929080107551272e+04
3.170701054316321097e+04
3.356031472241292067e+04
-1.169875707592295157e+03
2.983516486186133989e+04
2.932672929740514519e+04
-1.207113585191020093e+03
-9.864355783968537708e+02
3.898893071847779356e+04
2.870898193273448123e+04
-1.269862730630405167e+03
7.920350463399049659e+02
3.221767983928300600e+04
3.238170042953357915e+04
1.957035568531921308e+04
2.439139113618490956e+04
3.600240383605180250e+04
9.330054542378988117e+03
-1.110536244623883931e+03
3.019138380718933331e+04
1.946294197225262542e+04
3.611245226961963635e+04
-9.650921019571547959e+02
-1.519674436497105035e+03
3.898636059907295567e+04
3.727311978675967839e+04
2.455747078734484239e+04
-1.180587613441532767e+03
2.929988065068845754e+04
-1.252513197124384533e+03
3.512530382245516375e+04
3.116567411285392882e+04
2.885675532036135337e+04
3.437209121475314896e+04
3.267162882930960404e+04
2.318710139421550411e+04
-1.374032592981164953e+03
2.114503927536006086e+04
3.541002675451164396e+04
2.219216433527795289e+03
3.123948597028576114e+04
3.423586277472903021e+04
3.174283398111183851e+04
3.676383130046585575e+04
1.900353940738772872e+04
8.788367588729130148e+03
-1.295190264474055539e+03
2.906237547635218652e+04
3.327045978179268423e+04
2.696395245916314161e+04
3.108041603706244859e+04
-7.986550183619345944e+02
3.235262564504236070e+04
-8.321682352246018581e+02
3.950258731440457632e+04
3.510552976653347287e+04
3.281698712368779525e+04
-1.355265732030080244e+03
3.293689304835828079e+04
-1.144800701899947398e+03
-9.001486556998007700e+02
2.229347272238426012e+04
6.669250260261305812e+03
3.095826996788960605e+04
3.631836153395089241e+03
-1.345683823736648264e+03
2.675353906256459595e+04
3.560181042242531839e+04
3.037581784695786337e+04
-1.158084854893793135e+03
1.727185099159344463e+04
1.958033748923143503e+04
2.691240561457855074e+04
2.958980069646239644e+04
2.629697538605744194e+04
1.301991410578571413e+04
1.609364252465069330e+04
3.793574367213699588e+04
-1.341114584668489442e+03
2.136218346741052301e+04
-1.670463167394410448e+03
3.576878286072675837e+04
-9.376509259529883593e+02
3.577686786050273076e+04
4.020030108561590168e+04
3.636565625832771184e+04
2.727430275074466408e+04
2.799420883691769268e+04
-1.025555919929219272e+03
3.894495137212172267e+04
3.259718249350639599e+04
3.752082218330680917e+04
2.721518714981682933e+04
3.499811318960718199e+04
-1.643700801462569189e+03
2.582442079961518903e+04
2.072308914861925587e+04
-8.122082517525348067e+02
3.865142421262881544e+04
2.751342363945892794e+04
-8.630341631218805105e+02
1.232588089094797579e+04
3.871536098486122501e+04
-8.496499984681785236e+02
-9.709475825833337694e+02
3.481862204522242973e+04
3.098894309630434145e+04
2.284372529822389697e+04
3.369177694559576776e+04
-1.440301937480951437e+03
-1.531122082962413288e+03
-8.450303237455083263e+02
2.258716783078945446e+04
3.892993769872916891e+04
2.060233644735818234e+04
1.161594975574165346e+03
3.538082722104713321e+04
3.404241430974550894e+04
3.408793302827612206e+04
1.506121946059005859e+04
-1.091255522222471200e+03
-8.770635835403569445e+02
3.032583848993446736e+04
-7.731312525986191986e+02
2.896349517983856276e+04
3.983538376821166457e+04
2.317732189438177011e+04
3.163624712151147469e+04
-1.272086758320865783e+03
3.238573225755290696e+04
3.686875895442519686e+04
3.255568778906936859e+04
3.984357313680926745e+04
3.996770198927618185e+04
2.334239462576491860e+04
3.078010301068792614e+04
3.810964182956139848e+04
-1.465353784483028448e+03
1.814581673215693809e+04
3.662294529035974119e+04
2.870517554243004633e+04
4.039738783091506775e+04
2.737285967975353924e+04
3.988305987084750086e+04
2.493714003965615484e+04
2.694403487439398668e+04
3.693652063871001155e+04
3.468483914251821989e+04
3.238335328532884159e+04
2.057535370427949601e+04
3.222940411414559276e+04
1.576300700664012220e+04
4.113767009645383223e+04
2.671259372741329935e+04
7.220175798943929294e+03
-1.255988778152059695e+03
2.777264686018107022e+04
8.818088274423364055e+03
3.182504798048638258e+04
2.235052964498304209e+04
-8.937915103876329113e+02
8.504769171424122760e+03
2.065521622916216529e+03
3.461346903923866921e+04
3.562182530897023389e+04
3.731870599442873208e+04
1.892280702208004368e+04
-1.278015346829228292e+03
2.239041740176593157e+04
-1.492821897821926086e+03
3.209789637315629807e+04
8.712730007491605647e+03
3.969133630069889477e+04
2.725207091482354008e+04
1.725905352796192165e+04
3.102346104797409862e+04
1.499832592798867518e+04
-9.833493856341417541e+02
5.772809526957353228e+03
-7.887701042284718369e+02
-1.174603483320996475e+03
-1.471606435617283296e+03
2.037165311036992716e+04
2.784566783152493008e+04
-7.734399668169446613e+02
3.029388972114551871e+04
-1.417730115612960390e+03
-1.074186536460172874e+03
-1.147414077021825278e+03
3.475508181561146193e+04
-1.089604717267254500e+03
3.519481688294812193e+04
2.260161192975325321e+04
3.541249281034175510e+04
2.208760836429937262e+04
3.661365412258156721e+04
3.645910517774469918e+04
2.472884273679367470e+04
2.655713228122151850e+04
3.355842697367901565e+04
2.028118592513430849e+04
3.294918795745380339e+04
-1.049947268911744686e+03
2.932751984532165079e+04
2.696892700845063882e+04
3.881307074431944784e+04
3.290413828364750952e+04
3.471862756408884161e+04
3.164413657564550522e+04
-8.114299968199131854e+02
2.465909551687157000e+04
-6.439979656437501490e+02
2.040272064058365140e+04
3.434656450536253396e+04
3.068825615338850912e+04
-9.298565847779709657e+02
-8.037223609115487761e+02
2.620502981176721369e+04
2.060309682179720039e+04
4.000852019212974119e+04
1.799062188003217307e+04
3.839943875181819021e+04
-1.030365856453323204e+03
3.808380382320976787e+04
2.940911456127349811e+04
3.263923263982361095e+04
1.839872319316276844e+04
4.496767547332857066e+04
3.718750291004526662e+04
3.266806460784003502e+04
3.881523752743993828e+04
3.222945408696949380e+04
3.136855032717030190e+04
1.235604779713557946e+04
1.679340364040262648e+04
3.818043214182037627e+04
-7.714871172811364204e+02
2.089791278663943376e+04
-1.401752572632790134e+03
-6.044401370955739594e+02
-9.013628444909984410e+02
3.117038984650481507e+04
-1.322169869758028881e+03
3.266443852200320907e+04
3.429317392784528056e+04
-8.820589910998800178e+02
2.886756896279751891e+04
-9.922667828980230524e+02
2.923123818647099688e+04
-7.525292378475350006e+02
3.587337795129766891e+04
8.275732381915235237e+03
-1.184074583995686453e+03
1.468537805688423759e+04
4.728305951009920682e+04
1.512043334781542217e+04
8.390463895754719488e+03
3.948246318672372581e+04
3.273259593406752174e+04
2.452076808780166539e+04
2.979371424017168829e+04
3.399854480313688691e+04
-7.700551715568186637e+02
3.770895818000716827e+04
3.885616340321372991e+04
3.863180617198943219e+04
-1.025612386493005943e+03
1.733440466012147954e+04
3.841895344760800799e+04
-7.474317945643003895e+02
-1.434360371455140466e+03
3.050685722833815089e+04
3.976299471347074723e+04
3.389191617427404708e+04
4.295695032116652146e+04
-1.054948923590826780e+03
3.308645903224947688e+04
3.589436991061640583e+04
4.013373265808317956e+04
4.386230890660300793e+04
2.376422767635394848e+04
2.864616814843589236e+04
4.405118571293662535e+04
1.917534790455332768e+04
3.204641422282297572e+04
-1.598254075971952943e+03
-8.325216540765112541e+02
-6.240662309354701165e+02
-6.065019361996140788e+02
-7.038175219723279952e+02
4.462275929252282367e+04
3.264980581686197911e+04
2.364672278815702884e+04
3.417513082875106193e+04
3.429895066114055953e+04
3.261342067673659403e+04
-6.596231902636807263e+02
-7.133693421685906060e+02
4.341392754467642953e+04
-1.023315636033885994e+03
3.612176830139319645e+04
4.073918759146584489e+04
3.561297326476318267e+04
-1.161817347206591421e+03
1.667112360759588773e+04
3.404153486032457295e+04
-8.043635996013216527e+02
3.763073306951078848e+04
3.820828291994530446e+04
-7.290323378293508085e+02
3.202148226171810529e+04
3.800340105645528092e+04
3.522524590571971203e+04
3.794005505785635614e+04
3.618911200521372666e+04
-7.661119240596372038e+02
-1.199934155618536352e+03
-8.143188241133060501e+02
3.287896912328363396e+04
3.834150553060268430e+04
3.102086252430036984e+04
3.264222090467850285e+04
-3.675229101027752563e+02
8.120331280894786687e+03
-1.589912480862100438e+03
2.983026753123594244e+04
3.814146631942781096e+04
4.195576765285064175e+04
3.942084813525957725e+04
3.687829209501689184e+04
3.464410305308775423e+04
3.359197488244647684e+04
4.446220757362955192e+04
3.472410487416313845e+04
3.774351305541499460e+04
4.253359856934657000e+04
4.346333754343268811e+04
1.647593385922315429e+04
3.448534290784112090e+04
-7.882146994085790084e+02
-5.114446025068080814e+01
2.817246350590160000e+04
7.415048431827008244e+02
4.138631291115978820e+04
4.241413714114332106e+04
2.108579455743116341e+04
3.746984176516150183e+04
1.206468912578245545e+04
-8.116943637424477629e+02
3.966883926577848615e+04
4.126831208729632635e+04
1.808882119272110504e+04
1.784025995631401747e+04
-9.312491310493358014e+02
3.687362690005624609e+04
4.151239078256325593e+04
4.083244345167579013e+04
-5.075337235672421912e+02
3.797402687873578543e+04
2.198090870066316711e+04
4.120474567335820029e+04
3.428190464546867588e+04
4.242692511133465450e+04
3.752667596201779088e+04
-9.376338268348833935e+02
2.423040361743679023e+04
2.464722467905986559e+04
2.237962965417515443e+04
3.519329930161673838e+04
-8.465073053939034935e+02
2.737000396691017522e+04
2.451266306717002226e+04
2.681652936662049979e+04
-7.339772695220966625e+02
4.614706884594155417e+04
-7.219108183601691735e+02
4.295364834473747032e+04
3.673842353374690720e+04
3.860024816333436320e+04
2.232854989750768800e+04
2.556688267224967785e+04
-7.995910297994417988e+02
3.850839585464625270e+04
3.379698711782423925e+04
3.718519076536334615e+04
-1.057907986125379011e+03
4.074247721946676756e+04
-7.156625333559968567e+02
4.110306996550575423e+04
4.138131311120691680e+04
2.893312560268265588e+04
3.861835349233312445e+04
2.294394473545876826e+04
-9.297307027412879279e+02
