2.555941228364958079e+03
-4.848716652383405744e+03
-2.898849810851799703e+03
-3.364556394904534045e+03
-9.893882361382520685e+02
-3.107691145506241810e+03
-1.870970845255041922e+03
-4.869727650753338821e+03
-3.385914782222534086e+03
-4.048944107745132897e+03
-3.580975252799346890e+03
-4.275783061903957787e+03
-3.858851303755732715e+03
-1.072069118762314702e+03
-1.402100236305152521e+03
-2.637418181651395116e+03
-2.587958650559867692e+03
-1.441980786253906899e+03
-1.693735352225502311e+03
-4.202153917488623847e+03
-3.133311035066709792e+03
-4.070282176379409975e+03
1.206457482064184887e+03
-1.664609117329241599e+03
-3.719336772425664094e+03
-2.198720301139938783e+03
-7.605509561924584432e+02
-4.139661452160329645e+03
-1.424259324697254669e+03
-3.916581756403905274e+03
-3.849393571732863165e+03
-4.493078953823025586e+03
-4.301825978742073858e+03
-3.025020392118859036e+03
-4.490962639664773633e+03
-3.777621867421812112e+03
-2.781408208705568086e+03
-7.785903648688592966e+02
-2.342962002561685040e+03
-3.116260805360755967e+03
-4.633920848226575799e+03
-2.210264950955149743e+03
-3.799475981413746013e+03
-4.022126675160674949e+03
-2.100560472965893496e+03
-2.169538785992454905e+03
5.446642538633254844e+02
-5.108247146148590218e+03
-3.977016727487641219e+03
-1.542052983196480682e+03
-2.687505427801682345e+03
-2.279423384966003141e+03
1.504730923531766678e+02
-2.282413988359181076e+03
-4.013049384253347398e+03
-2.746223381375068129e+03
-3.441796633029128770e+03
-6.033733990431092025e+03
-3.678661086332989271e+03
-4.288377704947853090e+03
-4.049897781605344335e+03
-4.021296830653516281e+03
-3.330218866568772683e+03
-2.442826446633661817e+03
-1.624165307922723741e+03
-1.280661612648306573e+03
-2.972156789256553111e+03
4.017356620319675358e+02
-5.899246104265519534e+03
-4.986744553047306908e+03
-4.629395864527771664e+03
-4.551759710573347547e+03
-2.687660518242923899e+03
-5.770980392518690678e+02
-4.216339383425222877e+03
-4.305931594823754494e+03
-1.552319438444877733e+03
-2.912691708988734263e+03
2.044092110070633225e+03
-1.634632165057678321e+03
-3.095851029664576799e+03
-4.240407429686332762e+03
-4.082815331106024587e+03
-2.065765280528255801e+02
1.537396946657629542e+02
-4.336936363285611151e+03
-1.224421524426718179e+03
-4.948204560206488168e+03
-5.199640392442755910e+03
-2.901573089367770081e+03
-1.794247581172016226e+03
-1.999618618586649291e+03
-2.506863281861522864e+03
-4.003692353804102368e+03
-2.563227186223677109e+03
-3.830575927790685000e+03
-4.090339825427804044e+03
-5.020681348943752710e+03
-1.041090355272639272e+03
9.928483195059496893e+02
