2.555941228364958079e+03
-4.848716652383405744e+03
-2.898849810851799703e+03
-3.364556394904534045e+03
-9.893882361382520685e+02
-3.107691145506241810e+03
-1.870970845255041922e+03
-4.869727650753338821e+03
-3.385914782222534086e+03
-4.048944107745132897e+03
-3.580975252799346890e+03
-4.275783061903957787e+03
-3.858851303755732715e+03
-1.072069118762314702e+03
-1.402100236305152521e+03
-2.637418181651395116e+03
-2.587958650559867692e+03
-1.441980786253906899e+03
-1.693735352225502311e+03
-4.202153917488623847e+03
-3.133311035066709792e+03
-4.070282176379409975e+03
1.206457482064184887e+03
-1.664609117329241599e+03
-3.719336772425664094e+03
-2.198720301139938783e+03
-7.605509561924584432e+02
-4.139661452160329645e+03
-1.424259324697254669e+03
-3.916581756403905274e+03
-3.849393571732863165e+03
-4.493078953823025586e+03
-4.301825978742073858e+03
-3.025020392118859036e+03
-4.490962639664773633e+03
-3.777621867421812112e+03
-2.781408208705568086e+03
-7.785903648688592966e+02
-2.342962002561685040e+03
-3.116260805360755967e+03
-4.633920848226575799e+03
-2.210264950955149743e+03
-3.799475981413746013e+03
-4.022126675160674949e+03
-2.100560472965893496e+03
-2.169538785992454905e+03
5.446642538633254844e+02
-5.108247146148590218e+03
-3.977016727487641219e+03
-1.542052983196480682e+03
-2.687505427801682345e+03
-2.279423384966003141e+03
1.504730923531766678e+02
-2.282413988359181076e+03
-4.013049384253347398e+03
-2.746223381375068129e+03
-3.441796633029128770e+03
-6.033733990431092025e+03
-3.678661086332989271e+03
-4.288377704947853090e+03
-4.049897781605344335e+03
-4.021296830653516281e+03
-3.330218866568772683e+03
-2.442826446633661817e+03
-1.624165307922723741e+03
-1.280661612648306573e+03
-2.972156789256553111e+03
4.017356620319675358e+02
-5.899246104265519534e+03
-4.986744553047306908e+03
-4.629395864527771664e+03
-4.551759710573347547e+03
-2.687660518242923899e+03
-5.770980392518690678e+02
-4.216339383425222877e+03
-4.305931594823754494e+03
-1.552319438444877733e+03
-2.912691708988734263e+03
2.044092110070633225e+03
-1.634632165057678321e+03
-3.095851029664576799e+03
-4.240407429686332762e+03
-4.082815331106024587e+03
-2.065765280528255801e+02
1.537396946657629542e+02
-4.336936363285611151e+03
-1.224421524426718179e+03
-4.948204560206488168e+03
-5.199640392442755910e+03
-2.901573089367770081e+03
-1.794247581172016226e+03
-1.999618618586649291e+03
-2.506863281861522864e+03
-4.003692353804102368e+03
-2.563227186223677109e+03
-3.830575927790685000e+03
-4.090339825427804044e+03
-5.020681348943752710e+03
-1.041090355272639272e+03
9.928483195059496893e+02
-3.424383886407374121e+03
-4.096711375439829681e+03
-3.765907784276986149e+03
-2.221547927664374583e+03
1.615427241571985405e+03
-4.471265816483363778e+03
-3.726071686170465455e+03
-2.648774118787579027e+03
-3.182791210126989426e+03
-2.539525482553214260e+03
-1.785203358752385384e+03
-2.789162418394454562e+03
-3.202175634296137105e+03
-3.972831821989902437e+03
-3.745150397960604096e+03
-3.760532145111294994e+03
-4.194893815729356902e+03
-2.562384370612359817e+03
-4.039652973139166534e+03
-4.816441548027443787e+03
-2.601065247055457803e+03
-2.504978458936868265e+03
-2.016322295245494615e+03
-4.454319191501353089e+03
-3.899119802824009184e+03
-4.561513402318274530e+03
3.187503944646306309e+02
-2.953985152371319145e+03
-2.348760567363890459e+03
-2.285329588192694700e+03
-3.116802942550322769e+03
-2.227466725577782654e+03
-2.310689501508160447e+03
2.723116102187620527e+03
-2.008519118238161809e+03
-3.649448764778489931e+03
-3.635049373190569895e+03
2.321523752256572152e+03
-8.423842348864794758e+02
-2.471736952877387466e+03
1.920465963848817864e+03
-2.701596088714964935e+03
-5.063606688487117935e+03
-3.675103149785383721e+03
-3.867596461898534471e+03
-4.753439224145207845e+03
-4.713011594942564443e+03
-3.079466184696337223e+03
-3.558156967231194812e+03
4.907449218634401973e+02
-5.413732746123311699e+03
-2.279406377665604850e+03
-3.124179452735021641e+03
-2.618095449946988083e+03
-2.781428477519652006e+03
-2.798362332810293537e+03
-2.965491301332125204e+03
-2.638178846506998070e+03
1.229373930565026967e+03
-2.976384406941833277e+03
-3.003341878279919911e+03
-2.945854753289451764e+03
-4.799478273650627671e+03
-2.508875893205984539e+03
-3.830197380769781830e+03
-3.914215438726644152e+03
2.010686689707692722e+03
-5.258191114508042119e+03
-2.111223304701039979e+03
3.511465878517721194e+03
-4.049445015327135479e+03
-1.400624355423154611e+03
-3.236318049503896418e+03
-4.986214627728949381e+03
-3.962802448439526870e+03
-2.154045098612478796e+03
-1.823528029032766426e+03
-3.152862748102921614e+03
-3.507328526930086809e+03
-3.739423948054176435e+03
-3.184122047450390255e+03
-3.469412738995941709e+03
-2.186593391791999238e+03
-3.759998880626218579e+03
2.150880446864144233e+03
-2.385494972713432617e+03
-3.863501881058529307e+03
-4.394211041050365566e+03
-2.455789252884893358e+03
-3.590484506526789573e+03
-3.005220671748122641e+03
-4.136014338626782774e+03
-2.773789454056104091e+02
-3.279750129784665205e+03
-2.953667176405339887e+03
-4.673051207981227890e+03
1.708311360314829926e+03
-4.766457328408492685e+03
-4.028412830214295354e+03
-2.485851205431555627e+03
-3.602705601949485754e+03
-1.334669673615288957e+03
2.877919189386026346e+02
-3.040336723582415743e+03
-3.428522746730484414e+03
-4.235236908322501222e+03
-1.425456268677599837e+03
-3.324998750607243437e+03
-3.659216498919661262e+03
-5.380138951285951407e+03
-2.014356466803521926e+03
-3.402333832256188089e+03
5.189856802432856966e+03
-5.014762716807133074e+03
-9.625982459197985008e+02
-1.416675944590361269e+03
-3.790501608765440778e+03
-2.564060389753439267e+03
-1.690145003491754323e+03
-3.337400159182371226e+03
-2.199928220520954710e+03
-2.566493575301078181e+03
-4.072353386545190006e+03
-3.694425768386734944e+03
-2.044952479387009589e+03
-3.991982257545070752e+03
-2.529444291815854285e+03
5.890270656998305867e+02
-3.648975925498788229e+02
-2.363504732112910460e+03
-4.255582508310259982e+03
-4.864640849201015044e+03
-4.109367760608301978e+03
-1.609028189060313480e+03
-4.321106716219263944e+03
-1.488346269903501707e+03
-4.005288078725779087e+03
-3.153916147700861529e+03
-4.162402360491903892e+03
-4.375353105083518130e+03
-4.180835812575895943e+03
-3.880308617215221147e+03
-2.482673401677048332e+03
-3.089381197017465183e+03
-2.098580503655024131e+03
-1.952558890686782661e+03
-1.937230857231248592e+03
-1.824514103382408393e+03
-4.780303280329518202e+03
-2.312263053951586244e+03
-3.756157646583990754e+03
-3.508048734582891939e+03
2.852549165598117611e+02
-2.449100475423718308e+03
1.510436712164673736e+02
-5.352044650523926975e+03
-3.268682822936621960e+03
-4.858349473044086153e+03
3.227181369306661963e+03
-3.606024804485405639e+03
-2.707482425912861345e+03
-1.533585423018512756e+03
-3.300111589888582785e+03
-4.295219320208061617e+03
-4.209047192170373819e+03
-2.935117202867709693e+03
-2.105887660408239412e+02
-4.382239490407681842e+03
-5.051424969426932876e+03
-2.680387259259258371e+03
-3.970794271848900507e+02
-1.335877002986387652e+03
-2.670451484466788315e+03
-3.852338966803877611e+03
-1.834566651533963523e+03
-4.229409600824321387e+03
-3.369622346154013940e+03
-1.723684635800738079e+03
-4.514161054872913155e+03
-2.110223115301690996e+03
-3.136210158307198071e+03
-4.763666287700607427e+03
-3.786796787313945515e+03
1.773128643003073648e+03
-3.448352289001511963e+03
-4.001433197151602599e+03
-2.165178056371907132e+03
1.267087415718590222e+02
-3.909084970617042927e+03
-1.213295514700490230e+03
-2.151236670501082244e+03
-4.125085635897042266e+03
-3.751204337271182339e+03
1.597876819188581976e+03
-2.370304063746048996e+03
1.207401925334776706e+03
-5.123070432541961964e+03
-3.420340687836876896e+03
-2.170291597538895076e+03
-3.330269044620686145e+03
-3.677630691256132650e+03
-4.462796414827524131e+03
-1.622767261954320247e+03
-1.762051247428714532e+03
-2.047247324590828725e+02
-3.503662394201408006e+03
-2.826651736437745512e+03
-1.880733781530903116e+03
-2.542919453750293542e+03
-2.455498668637056653e+03
-2.534880820049376325e+03
-3.867805470821418567e+03
-1.911282776189277456e+03
-3.691834792057834875e+03
-5.235419756230227904e+03
-1.909422214186314250e+03
7.630729388447541623e+02
-1.901796493300433440e+03
-5.560085559355360601e+03
1.238894644940136459e+03
-1.667353311799276071e+03
-4.354971610691624846e+03
-2.157786701105270367e+03
-3.360293313347356616e+03
-1.977108192246067802e+03
-3.436319029960662647e+03
-3.655247111327166749e+03
-5.065087096683453638e+03
-4.036641431023910172e+03
1.167609543646938391e+03
-3.124999643382553586e+03
-3.960301711967962547e+03
-3.009935788771289936e+03
-1.832290822678898849e+03
-1.897839841675604930e+03
-2.978199476357262938e+03
-4.254549650777680654e+03
-4.000573468028859679e+03
-2.250374388219595403e+03
-1.785176195622290606e+03
-4.373484706507870783e+02
-3.148168140079283148e+03
6.549414275639610423e+02
-3.500171336768809397e+03
1.127541149237076183e+02
-5.120956635735470627e+03
-4.630701952888274718e+03
-2.060704205144375464e+03
-3.347740391239937708e+03
-3.361059845040697383e+03
-2.320586018586383489e+03
-2.044620151377870798e+03
-7.464014808951885698e+02
-2.561968444336691846e+03
-2.737853777718804395e+03
-2.735599901610168217e+03
-1.044220057066678237e+03
-2.310014727077429598e+03
-4.371836506905011447e+03
-3.612038156744841672e+03
-5.301691944995832273e+03
-1.664448910082484190e+02
-1.050197553218053827e+03
-2.308057832629215682e+03
-7.749152807321499949e+02
-3.684056118662796962e+03
-9.484671129675136854e+02
-2.450454138163631342e+03
-1.984044457291399340e+03
-3.466157306912032254e+03
-3.548251923973853991e+03
-2.651387999089566165e+03
-3.730931353707918788e+03
-3.087856045930465370e+03
-1.891584322484161476e+03
-4.037283779344590585e+03
-2.374933209011589952e+03
-3.691291866578616919e+03
-2.833803343093312378e+03
1.983426867833712549e+03
-4.426339573437725448e+03
-4.550722980319798808e+03
-5.182217615195428152e+03
-2.312229499529435998e+03
-8.595435650986275959e+02
-1.289544497560142418e+03
1.458658596884068629e+03
-1.931042151588769684e+03
-3.997114845652585245e+03
-2.245410016983810237e+03
-1.154610687926739729e+03
-2.343766552290186610e+03
-4.160925721952741696e+03
-4.174003233907264075e+03
-2.001910039476068960e+03
-3.423566611005021514e+03
2.026830995201652513e+03
-3.884609851860115668e+03
-2.344025036775737590e+03
-2.699071068747532991e+03
-2.559164820624691401e+03
-4.439246630974042091e+03
-3.591832610532957005e+03
-2.173522581861220715e+03
-2.412989702294434665e+03
-1.668167247191476235e+03
-1.435248797053460748e+03
-2.229030675568110382e+03
-2.808861664850139732e+03
-1.008521315745763332e+03
-3.775614837534613343e+03
-2.665728495920053774e+03
-3.959951300961658035e+03
-7.409322794024805034e+02
-2.799976715833531216e+03
-1.292098190728502004e+03
-2.159779689295373373e+03
-3.881898177226502867e+03
2.672422824895371832e+03
-2.028032147469903066e+03
-4.245926951281230686e+03
-2.273016331098428964e+03
-1.551030671155288587e+02
-4.159932098669720290e+03
-3.352452850776001014e+03
-3.875721726905779860e+02
-3.663872612302188372e+03
-1.912715113693848934e+03
-3.060589628665756209e+03
1.791813077537484560e+03
-2.775593111677259913e+03
-3.274456425481833321e+03
-1.517748387963812775e+03
-1.761715457972779177e+03
-1.125160858887646782e+03
-4.430570366822837059e+03
2.229633139740098613e+03
-3.433986061333625003e+03
-2.890048542959209954e+03
-3.407789901538391405e+03
-1.595117032677252155e+03
-2.873693963101604822e+03
-3.699209364637331873e+03
-1.935533369718997619e+03
2.884762739642012093e+03
-1.671385707743072089e+03
-4.125164456861381950e+03
1.382372525266031062e+03
-3.754775450282243128e+03
-3.020717558695753723e+03
-1.659090851966681385e+03
-2.406454331519708376e+03
9.556921277271684403e+02
-2.099075345645070229e+03
-3.431217487904711106e+03
-2.432565409501442446e+03
-3.349291017355834356e+03
7.460190803491331280e+03
-2.397412247689571359e+03
-2.064233157315583412e+03
-1.026959363515259611e+03
-2.938177366259153132e+03
-3.030874416984571553e+02
2.143571491406426048e+03
7.215745039551526133e+03
-3.606682426569514064e+03
-1.718378989352457893e+02
-4.858025855425902591e+03
-2.910189044318012748e+03
-2.801810235897278289e+03
-2.910448105217490138e+03
-2.016182952306542120e+03
-3.824622168743612747e+03
-3.532794595951563224e+03
-3.710809238994614134e+03
2.488014804999569151e+03
-3.584641366472749269e+03
-3.256362183273639857e+03
-1.424021749184282726e+02
-2.992194200429185003e+03
-2.109583429398200678e+03
-3.201254495873709402e+03
-2.293949939958874438e+03
-4.011861398495810590e+03
-4.080643968221131217e+03
-2.884295500356976845e+03
-3.252636637702316420e+03
-1.955852209621552220e+03
-3.168548725626711075e+03
-1.711947353441876203e+03
-4.689645122919926507e+03
-3.234875600022920935e+03
-3.606660077177030871e+03
-1.671776100955494258e+03
-2.466262248327147063e+03
-3.618118908292623928e+03
-1.179700651536254782e+03
-7.231985688400736763e+02
-2.350935642190471299e+03
2.448526332012380408e+03
-1.641179544890223497e+03
-2.205306717794202541e+03
-3.874690342589915872e+03
-2.004091587297946717e+03
-1.825495008119710747e+03
-2.963139315412144697e+03
-3.271390223867693749e+03
-4.040145110563260459e+03
-1.888820647959470307e+03
-3.699299403781929414e+03
-1.134633996601925674e+03
-3.021131654483395778e+03
3.855545542884599968e+02
-2.153381889231349760e+03
-2.566257428174867982e+03
-2.809183609781043742e+03
-2.099895581753482020e+03
-2.510768146959790101e+03
-2.896383476191962473e+03
1.965651577854316656e+00
3.094045520084066993e+03
-1.777294965536357950e+03
-3.613364975752859209e+03
-3.314860243819577590e+03
-2.057339122749685430e+03
-4.587513386994766734e+03
-1.824429332657095301e+03
-2.952109453860135091e+03
-3.644950293918035186e+03
-3.238517762658198535e+03
-1.616382639045114956e+03
-1.257182899340484482e+03
-2.320940409689300850e+03
-4.120008568328749789e+03
-2.358574622151999847e+03
8.765659090352862393e+00
-1.307979165055988233e+03
2.262735678858816300e+03
-4.661751843041264692e+03
-2.340188037778070338e+03
-2.988129356102802376e+03
-3.704018884095808971e+03
-3.307538823334075914e+03
-2.196569018494020838e+03
-3.280800256660286777e+03
-2.756036532448121307e+03
-3.147506832588645921e+03
-1.616513669632406391e+03
-2.512693960691692610e+03
-2.972664480106188876e+03
-2.412343881766342292e+03
-4.224512435912949513e+03
-2.315441992085377024e+03
-1.531013935255323304e+03
-3.660362455695384597e+03
-4.039817125214783573e+03
-2.630039028199556014e+03
-1.129836346041918659e+03
-1.797747989620140288e+03
-3.172295080391123520e+03
-2.156642976572461976e+03
-3.664596205427591940e+03
-3.190873170990691051e+03
-2.415426464448262891e+02
-4.028676318518922017e+03
-3.953511343645391662e+03
-2.465112743864657659e+03
-3.586582056765120797e+03
-1.665148338105000448e+03
-2.349429776518473773e+03
5.460237997464520959e+03
-3.632990797152049709e+03
-1.706229141254112392e+03
-2.372724385762453039e+03
-2.180892032354200637e+03
-3.863551640682294419e+03
-1.275959975873465282e+03
-3.636140589198059843e+03
-2.838016805116768069e+02
-8.161497049663381631e+02
2.733401670041185753e+03
-9.352223212554687279e+02
-9.114354439141700368e+02
-3.775108603541045795e+02
-2.852442855035196771e+03
-1.821084381391995066e+03
-1.020333926417193425e+03
-2.143081221656443631e+03
-2.255655849696797304e+03
1.665591247266823984e+03
-2.583015487110777485e+03
-5.539827625427985822e+02
-2.627686034493548959e+03
-3.464751841562805566e+03
-1.606907681908445738e+03
-1.556376564648228168e+03
-3.559114815330326110e+03
-4.001364792694182597e+03
1.264684721024494820e+03
-3.147593537609165651e+03
-2.510329733142562247e+02
7.211615364257254441e+03
-3.404898696180978277e+03
-1.670837733152324063e+02
-2.720173058316622246e+03
3.913815580466471147e+03
-3.107889656404422567e+03
-1.847022170998964839e+03
-1.542551038101735799e+02
-2.753495502579162803e+03
-2.937147724613784703e+03
-3.399825492265256798e+03
1.111397084204318708e+04
-3.180173999667623320e+03
-3.728955391096299991e+03
-4.249209778058226220e+03
-1.369094397935894222e+03
2.365516165856355144e+02
1.221234641627152087e+03
-4.514985675888208789e+03
-3.436500864006653501e+03
-1.287008943775143507e+03
-3.920178652687052363e+03
8.881330071969747223e+03
-3.845888808337530463e+03
-3.954145382502186408e+02
-3.173380887155433356e+03
-1.701762706153261661e+03
-2.131853068274886937e+03
-1.217544673889680325e+03
-3.324657016841154473e+03
-9.279630215311625534e+02
-3.315780955300686855e+03
-3.384101591593134799e+03
1.210269815632121436e+03
-2.407643533919127094e+03
-2.293644392825069190e+03
-3.933359723341507561e+03
-4.182210012546574035e+03
-1.891871251131412919e+03
-1.926830880585941259e+03
-1.832272126298820467e+03
-1.413751895549981100e+03
-3.431321983005988841e+03
-2.060498701371802326e+03
-9.342155319100452289e+02
-3.084782306336872807e+03
-4.243374675485420994e+03
-1.814890090813213646e+03
5.835884560592278376e+02
-1.765979213376584994e+03
-3.235636122392937068e+03
3.900538061131921040e+03
3.113831031080212142e+03
-1.933932822089957426e+03
-3.045836286709266005e+03
-2.177436872470130766e+03
-1.549979768259209322e+03
-3.171414835489227698e+03
-3.597176938039614924e+03
-1.664397206243952951e+03
-2.700348770458445870e+03
7.968840817617781795e+03
2.539384489890799159e+03
-2.715874747950301753e+03
-4.394857980820745979e+03
-2.669765092837933480e+03
8.877656231769076385e+02
-3.532509891249798329e+03
-1.911495825317211029e+03
-4.093906942572516073e+03
-3.262339966907412872e+03
-2.558618539421610876e+03
8.137850385782955982e+02
-2.610999072356634315e+03
-2.216706109042859225e+03
1.092852237749646974e+03
-4.499265104012839402e+03
-9.228930686940849455e+02
-2.763113117655523638e+03
-4.302056209003362710e+03
-2.605822429173055298e+03
3.436202993366912324e+03
4.587076563204918784e+02
-3.280589337017411253e+03
1.718615519733143401e+03
-2.402251591892138094e+03
-3.662750058787394664e+03
-4.148244007224329835e+03
-3.517274993394084959e+03
-3.657646106056109602e+03
-3.226992648105402623e+03
5.015705176688873507e+03
-2.751109860677685901e+03
-2.899969991822553311e+03
4.648545101490023512e+02
-4.761447468843989554e+03
-3.846234247961091114e+03
-1.923147265453114869e+03
4.120899568144260229e+03
-2.857716829800515825e+03
-4.336311121521229325e+03
-2.865578569874885943e+03
-3.173450815249113020e+03
-2.241587300869122828e+03
9.583195812672256579e+03
-2.769576549746881028e+03
-3.918944997731101921e+03
-1.852401998450193105e+03
4.366591706680361312e+03
-3.026625240232884153e+03
-2.806325602376821735e+03
-2.818151412238785269e+03
7.507894931144193833e+03
-4.393823761973863839e+03
3.202955314074567013e+03
-1.952020426457239410e+03
-3.362964930944938260e+03
1.365978937221032083e+03
-2.277021256797670048e+03
5.679443626608206159e+02
4.214995866875284264e+03
-2.505932199471435979e+03
-4.227221362523739117e+03
-1.010895900331239091e+03
-4.241538372985171918e+03
-2.706951051558545259e+03
-8.381038433152062908e+02
-3.987569148380767729e+03
-2.001918236451300345e+03
-1.274905336232090178e+02
-2.451731261212018126e+03
-3.586175707948724266e+03
-2.209007691571344367e+03
-2.635027995285579891e+03
-3.583728180733065983e+03
1.116507607875511439e+03
7.386785335330408770e+02
1.403523130869082536e+02
-3.143425868334818006e+03
-1.483787128422366095e+02
-2.295787666824681764e+03
-3.578424050226709824e+03
-1.738329485977963714e+03
7.647226737121848601e+03
-2.973825048967199564e+03
2.007834720512255728e+02
-1.133136048436829924e+03
-8.058094996158315553e+02
-1.987088469727894335e+03
-1.940355717859586093e+03
-4.028260965105288960e+03
-3.156009916035725837e+03
3.326105735652095063e+03
6.785250985952066003e+03
-1.465045293264121256e+03
-3.119400648511314557e+03
-3.506846410683610884e+02
-2.645340774183871872e+03
-2.553157852957075647e+03
-1.661347574671065331e+03
-3.110319756775468704e+03
1.159505547266519670e+03
-2.651395643412762638e+03
-2.425950062840331157e+03
-3.646521113025210070e+03
-2.686675455315771160e+03
-3.718383913077244870e+03
-3.812242196004418474e+03
-1.691972557281610989e+03
-3.008301898030212669e+03
-5.051161329853161419e+01
6.014326845070019090e+02
-3.168368121330383019e+03
5.318156208435299277e+02
-2.039744426388491092e+03
-3.968356999728381652e+03
-3.429430967222391246e+03
-1.888271588973234657e+03
-1.673212072211000986e+03
-4.870954761085096152e+01
-3.052306692248615036e+03
5.130289395129949298e+03
-2.344795620132025306e+03
-3.422347692964671751e+03
6.093784206832859127e+03
-2.388984228864891065e+03
3.401118580829573148e+03
-1.428562504359809964e+03
-2.956517012901404541e+03
-2.537579688786684528e+03
5.060723869025553654e+02
-3.369858461755624830e+03
7.796816366207204396e+01
-2.738779371659647950e+03
8.625582979003536821e+03
-1.415695248312256808e+03
-2.789421329336963026e+03
-2.788826326025872731e+03
4.618985677586746533e+03
