2.555941228364958079e+03
-4.848716652383405744e+03
-2.898849810851799703e+03
-3.364556394904534045e+03
-9.893882361382520685e+02
-3.107691145506241810e+03
-1.870970845255041922e+03
-4.869727650753338821e+03
-3.385914782222534086e+03
-4.048944107745132897e+03
-3.580975252799346890e+03
-4.275783061903957787e+03
-3.858851303755732715e+03
-1.072069118762314702e+03
-1.402100236305152521e+03
-2.637418181651395116e+03
-2.587958650559867692e+03
-1.441980786253906899e+03
-1.693735352225502311e+03
-4.202153917488623847e+03
-3.133311035066709792e+03
-4.070282176379409975e+03
1.206457482064184887e+03
-1.664609117329241599e+03
-3.719336772425664094e+03
-2.198720301139938783e+03
-7.605509561924584432e+02
-4.139661452160329645e+03
-1.424259324697254669e+03
-3.916581756403905274e+03
-3.849393571732863165e+03
-4.493078953823025586e+03
-4.301825978742073858e+03
-3.025020392118859036e+03
-4.490962639664773633e+03
-3.777621867421812112e+03
-2.781408208705568086e+03
-7.785903648688592966e+02
-2.342962002561685040e+03
-3.116260805360755967e+03
-4.633920848226575799e+03
-2.210264950955149743e+03
-3.799475981413746013e+03
-4.022126675160674949e+03
-2.100560472965893496e+03
-2.169538785992454905e+03
5.446642538633254844e+02
-5.108247146148590218e+03
-3.977016727487641219e+03
-1.542052983196480682e+03
-2.687505427801682345e+03
-2.279423384966003141e+03
1.504730923531766678e+02
-2.282413988359181076e+03
-4.013049384253347398e+03
-2.746223381375068129e+03
-3.441796633029128770e+03
-6.033733990431092025e+03
-3.678661086332989271e+03
-4.288377704947853090e+03
-4.049897781605344335e+03
-4.021296830653516281e+03
-3.330218866568772683e+03
-2.442826446633661817e+03
-1.624165307922723741e+03
-1.280661612648306573e+03
-2.972156789256553111e+03
4.017356620319675358e+02
-5.899246104265519534e+03
-4.986744553047306908e+03
-4.629395864527771664e+03
-4.551759710573347547e+03
-2.687660518242923899e+03
-5.770980392518690678e+02
-4.216339383425222877e+03
-4.305931594823754494e+03
-1.552319438444877733e+03
-2.912691708988734263e+03
2.044092110070633225e+03
-1.634632165057678321e+03
-3.095851029664576799e+03
-4.240407429686332762e+03
-4.082815331106024587e+03
-2.065765280528255801e+02
1.537396946657629542e+02
-4.336936363285611151e+03
-1.224421524426718179e+03
-4.948204560206488168e+03
-5.199640392442755910e+03
-2.901573089367770081e+03
-1.794247581172016226e+03
-1.999618618586649291e+03
-2.506863281861522864e+03
-4.003692353804102368e+03
-2.563227186223677109e+03
-3.830575927790685000e+03
-4.090339825427804044e+03
-5.020681348943752710e+03
-1.041090355272639272e+03
9.928483195059496893e+02
-3.424383886407374121e+03
-4.096711375439829681e+03
-3.765907784276986149e+03
-2.221547927664374583e+03
1.615427241571985405e+03
-4.471265816483363778e+03
-3.726071686170465455e+03
-2.648774118787579027e+03
-3.182791210126989426e+03
-2.539525482553214260e+03
-1.785203358752385384e+03
-2.789162418394454562e+03
-3.202175634296137105e+03
-3.972831821989902437e+03
-3.745150397960604096e+03
-3.760532145111294994e+03
-4.194893815729356902e+03
-2.562384370612359817e+03
-4.039652973139166534e+03
-4.816441548027443787e+03
-2.601065247055457803e+03
-2.504978458936868265e+03
-2.016322295245494615e+03
-4.454319191501353089e+03
-3.899119802824009184e+03
-4.561513402318274530e+03
3.187503944646306309e+02
-2.953985152371319145e+03
-2.348760567363890459e+03
-2.285329588192694700e+03
-3.116802942550322769e+03
-2.227466725577782654e+03
-2.310689501508160447e+03
2.723116102187620527e+03
-2.008519118238161809e+03
-3.649448764778489931e+03
-3.635049373190569895e+03
2.321523752256572152e+03
-8.423842348864794758e+02
-2.471736952877387466e+03
1.920465963848817864e+03
-2.701596088714964935e+03
-5.063606688487117935e+03
-3.675103149785383721e+03
-3.867596461898534471e+03
-4.753439224145207845e+03
-4.713011594942564443e+03
-3.079466184696337223e+03
-3.558156967231194812e+03
4.907449218634401973e+02
-5.413732746123311699e+03
-2.279406377665604850e+03
-3.124179452735021641e+03
-2.618095449946988083e+03
-2.781428477519652006e+03
-2.798362332810293537e+03
-2.965491301332125204e+03
-2.638178846506998070e+03
1.229373930565026967e+03
-2.976384406941833277e+03
-3.003341878279919911e+03
-2.945854753289451764e+03
-4.799478273650627671e+03
-2.508875893205984539e+03
-3.830197380769781830e+03
-3.914215438726644152e+03
2.010686689707692722e+03
-5.258191114508042119e+03
-2.111223304701039979e+03
3.511465878517721194e+03
-4.049445015327135479e+03
-1.400624355423154611e+03
-3.236318049503896418e+03
-4.986214627728949381e+03
-3.962802448439526870e+03
-2.154045098612478796e+03
-1.823528029032766426e+03
-3.152862748102921614e+03
-3.507328526930086809e+03
-3.739423948054176435e+03
-3.184122047450390255e+03
-3.469412738995941709e+03
-2.186593391791999238e+03
-3.759998880626218579e+03
2.150880446864144233e+03
-2.385494972713432617e+03
-3.863501881058529307e+03
-4.394211041050365566e+03
-2.455789252884893358e+03
-3.590484506526789573e+03
-3.005220671748122641e+03
-4.136014338626782774e+03
-2.773789454056104091e+02
-3.279750129784665205e+03
-2.953667176405339887e+03
-4.673051207981227890e+03
1.708311360314829926e+03
-4.766457328408492685e+03
-4.028412830214295354e+03
-2.485851205431555627e+03
-3.602705601949485754e+03
-1.334669673615288957e+03
2.877919189386026346e+02
-3.040336723582415743e+03
-3.428522746730484414e+03
-4.235236908322501222e+03
-1.425456268677599837e+03
-3.324998750607243437e+03
-3.659216498919661262e+03
-5.380138951285951407e+03
-2.014356466803521926e+03
-3.402333832256188089e+03
5.189856802432856966e+03
-5.014762716807133074e+03
-9.625982459197985008e+02
-1.416675944590361269e+03
-3.790501608765440778e+03
-2.564060389753439267e+03
-1.690145003491754323e+03
-3.337400159182371226e+03
-2.199928220520954710e+03
-2.566493575301078181e+03
-4.072353386545190006e+03
-3.694425768386734944e+03
-2.044952479387009589e+03
-3.991982257545070752e+03
-2.529444291815854285e+03
5.890270656998305867e+02
-3.648975925498788229e+02
-2.363504732112910460e+03
-4.255582508310259982e+03
-4.864640849201015044e+03
-4.109367760608301978e+03
-1.609028189060313480e+03
-4.321106716219263944e+03
-1.488346269903501707e+03
-4.005288078725779087e+03
-3.153916147700861529e+03
-4.162402360491903892e+03
-4.375353105083518130e+03
-4.180835812575895943e+03
-3.880308617215221147e+03
-2.482673401677048332e+03
-3.089381197017465183e+03
-2.098580503655024131e+03
-1.952558890686782661e+03
-1.937230857231248592e+03
-1.824514103382408393e+03
-4.780303280329518202e+03
-2.312263053951586244e+03
-3.756157646583990754e+03
-3.508048734582891939e+03
2.852549165598117611e+02
-2.449100475423718308e+03
1.510436712164673736e+02
-5.352044650523926975e+03
-3.268682822936621960e+03
-4.858349473044086153e+03
3.227181369306661963e+03
-3.606024804485405639e+03
-2.707482425912861345e+03
-1.533585423018512756e+03
-3.300111589888582785e+03
-4.295219320208061617e+03
-4.209047192170373819e+03
-2.935117202867709693e+03
-2.105887660408239412e+02
-4.382239490407681842e+03
-5.051424969426932876e+03
-2.680387259259258371e+03
-3.970794271848900507e+02
-1.335877002986387652e+03
-2.670451484466788315e+03
-3.852338966803877611e+03
-1.834566651533963523e+03
-4.229409600824321387e+03
-3.369622346154013940e+03
-1.723684635800738079e+03
-4.514161054872913155e+03
-2.110223115301690996e+03
-3.136210158307198071e+03
-4.763666287700607427e+03
-3.786796787313945515e+03
1.773128643003073648e+03
-3.448352289001511963e+03
-4.001433197151602599e+03
-2.165178056371907132e+03
1.267087415718590222e+02
-3.909084970617042927e+03
-1.213295514700490230e+03
-2.151236670501082244e+03
-4.125085635897042266e+03
-3.751204337271182339e+03
1.597876819188581976e+03
-2.370304063746048996e+03
1.207401925334776706e+03
-5.123070432541961964e+03
-3.420340687836876896e+03
-2.170291597538895076e+03
-3.330269044620686145e+03
-3.677630691256132650e+03
-4.462796414827524131e+03
-1.622767261954320247e+03
-1.762051247428714532e+03
-2.047247324590828725e+02
-3.503662394201408006e+03
-2.826651736437745512e+03
-1.880733781530903116e+03
-2.542919453750293542e+03
-2.455498668637056653e+03
-2.534880820049376325e+03
-3.867805470821418567e+03
-1.911282776189277456e+03
-3.691834792057834875e+03
-5.235419756230227904e+03
-1.909422214186314250e+03
7.630729388447541623e+02
-1.901796493300433440e+03
-5.560085559355360601e+03
1.238894644940136459e+03
-1.667353311799276071e+03
-4.354971610691624846e+03
-2.157786701105270367e+03
-3.360293313347356616e+03
-1.977108192246067802e+03
-3.436319029960662647e+03
-3.655247111327166749e+03
-5.065087096683453638e+03
-4.036641431023910172e+03
1.167609543646938391e+03
-3.124999643382553586e+03
-3.960301711967962547e+03
-3.009935788771289936e+03
-1.832290822678898849e+03
-1.897839841675604930e+03
-2.978199476357262938e+03
-4.254549650777680654e+03
-4.000573468028859679e+03
-2.250374388219595403e+03
-1.785176195622290606e+03
-4.373484706507870783e+02
-3.148168140079283148e+03
6.549414275639610423e+02
-3.500171336768809397e+03
1.127541149237076183e+02
-5.120956635735470627e+03
-4.630701952888274718e+03
-2.060704205144375464e+03
-3.347740391239937708e+03
-3.361059845040697383e+03
-2.320586018586383489e+03
-2.044620151377870798e+03
-7.464014808951885698e+02
-2.561968444336691846e+03
-2.737853777718804395e+03
-2.735599901610168217e+03
-1.044220057066678237e+03
-2.310014727077429598e+03
-4.371836506905011447e+03
-3.612038156744841672e+03
-5.301691944995832273e+03
-1.664448910082484190e+02
-1.050197553218053827e+03
-2.308057832629215682e+03
-7.749152807321499949e+02
-3.684056118662796962e+03
-9.484671129675136854e+02
-2.450454138163631342e+03
-1.984044457291399340e+03
-3.466157306912032254e+03
-3.548251923973853991e+03
-2.651387999089566165e+03
-3.730931353707918788e+03
-3.087856045930465370e+03
-1.891584322484161476e+03
-4.037283779344590585e+03
-2.374933209011589952e+03
-3.691291866578616919e+03
-2.833803343093312378e+03
1.983426867833712549e+03
-4.426339573437725448e+03
-4.550722980319798808e+03
-5.182217615195428152e+03
-2.312229499529435998e+03
-8.595435650986275959e+02
-1.289544497560142418e+03
1.458658596884068629e+03
-1.931042151588769684e+03
-3.997114845652585245e+03
-2.245410016983810237e+03
-1.154610687926739729e+03
-2.343766552290186610e+03
-4.160925721952741696e+03
-4.174003233907264075e+03
-2.001910039476068960e+03
-3.423566611005021514e+03
2.026830995201652513e+03
-3.884609851860115668e+03
-2.344025036775737590e+03
-2.699071068747532991e+03
-2.559164820624691401e+03
-4.439246630974042091e+03
-3.591832610532957005e+03
-2.173522581861220715e+03
-2.412989702294434665e+03
-1.668167247191476235e+03
-1.435248797053460748e+03
-2.229030675568110382e+03
-2.808861664850139732e+03
-1.008521315745763332e+03
-3.775614837534613343e+03
-2.665728495920053774e+03
-3.959951300961658035e+03
-7.409322794024805034e+02
-2.799976715833531216e+03
-1.292098190728502004e+03
-2.159779689295373373e+03
-3.881898177226502867e+03
2.672422824895371832e+03
-2.028032147469903066e+03
-4.245926951281230686e+03
-2.273016331098428964e+03
-1.551030671155288587e+02
-4.159932098669720290e+03
-3.352452850776001014e+03
-3.875721726905779860e+02
-3.663872612302188372e+03
-1.912715113693848934e+03
-3.060589628665756209e+03
1.791813077537484560e+03
-2.775593111677259913e+03
-3.274456425481833321e+03
-1.517748387963812775e+03
-1.761715457972779177e+03
-1.125160858887646782e+03
-4.430570366822837059e+03
2.229633139740098613e+03
-3.433986061333625003e+03
-2.890048542959209954e+03
-3.407789901538391405e+03
-1.595117032677252155e+03
-2.873693963101604822e+03
-3.699209364637331873e+03
-1.935533369718997619e+03
2.884762739642012093e+03
-1.671385707743072089e+03
-4.125164456861381950e+03
1.382372525266031062e+03
-3.754775450282243128e+03
-3.020717558695753723e+03
-1.659090851966681385e+03
-2.406454331519708376e+03
9.556921277271684403e+02
-2.099075345645070229e+03
-3.431217487904711106e+03
-2.432565409501442446e+03
-3.349291017355834356e+03
7.460190803491331280e+03
-2.397412247689571359e+03
-2.064233157315583412e+03
-1.026959363515259611e+03
-2.938177366259153132e+03
-3.030874416984571553e+02
2.143571491406426048e+03
7.215745039551526133e+03
-3.606682426569514064e+03
-1.718378989352457893e+02
-4.858025855425902591e+03
-2.910189044318012748e+03
-2.801810235897278289e+03
-2.910448105217490138e+03
-2.016182952306542120e+03
-3.824622168743612747e+03
-3.532794595951563224e+03
-3.710809238994614134e+03
2.488014804999569151e+03
-3.584641366472749269e+03
-3.256362183273639857e+03
-1.424021749184282726e+02
-2.992194200429185003e+03
-2.109583429398200678e+03
-3.201254495873709402e+03
-2.293949939958874438e+03
-4.011861398495810590e+03
-4.080643968221131217e+03
-2.884295500356976845e+03
-3.252636637702316420e+03
-1.955852209621552220e+03
-3.168548725626711075e+03
-1.711947353441876203e+03
-4.689645122919926507e+03
-3.234875600022920935e+03
-3.606660077177030871e+03
-1.671776100955494258e+03
-2.466262248327147063e+03
-3.618118908292623928e+03
-1.179700651536254782e+03
-7.231985688400736763e+02
-2.350935642190471299e+03
2.448526332012380408e+03
-1.641179544890223497e+03
-2.205306717794202541e+03
-3.874690342589915872e+03
-2.004091587297946717e+03
-1.825495008119710747e+03
-2.963139315412144697e+03
-3.271390223867693749e+03
-4.040145110563260459e+03
-1.888820647959470307e+03
-3.699299403781929414e+03
-1.134633996601925674e+03
-3.021131654483395778e+03
3.855545542884599968e+02
-2.153381889231349760e+03
-2.566257428174867982e+03
-2.809183609781043742e+03
-2.099895581753482020e+03
-2.510768146959790101e+03
-2.896383476191962473e+03
1.965651577854316656e+00
3.094045520084066993e+03
-1.777294965536357950e+03
-3.613364975752859209e+03
-3.314860243819577590e+03
-2.057339122749685430e+03
-4.587513386994766734e+03
-1.824429332657095301e+03
-2.952109453860135091e+03
-3.644950293918035186e+03
-3.238517762658198535e+03
-1.616382639045114956e+03
-1.257182899340484482e+03
-2.320940409689300850e+03
-4.120008568328749789e+03
-2.358574622151999847e+03
8.765659090352862393e+00
-1.307979165055988233e+03
2.262735678858816300e+03
-4.661751843041264692e+03
-2.340188037778070338e+03
-2.988129356102802376e+03
-3.704018884095808971e+03
-3.307538823334075914e+03
-2.196569018494020838e+03
-3.280800256660286777e+03
-2.756036532448121307e+03
-3.147506832588645921e+03
-1.616513669632406391e+03
-2.512693960691692610e+03
-2.972664480106188876e+03
-2.412343881766342292e+03
-4.224512435912949513e+03
-2.315441992085377024e+03
-1.531013935255323304e+03
-3.660362455695384597e+03
-4.039817125214783573e+03
-2.630039028199556014e+03
-1.129836346041918659e+03
-1.797747989620140288e+03
-3.172295080391123520e+03
-2.156642976572461976e+03
-3.664596205427591940e+03
-3.190873170990691051e+03
-2.415426464448262891e+02
-4.028676318518922017e+03
-3.953511343645391662e+03
-2.465112743864657659e+03
-3.586582056765120797e+03
-1.665148338105000448e+03
-2.349429776518473773e+03
5.460237997464520959e+03
-3.632990797152049709e+03
-1.706229141254112392e+03
-2.372724385762453039e+03
-2.180892032354200637e+03
-3.863551640682294419e+03
-1.275959975873465282e+03
-3.636140589198059843e+03
-2.838016805116768069e+02
-8.161497049663381631e+02
2.733401670041185753e+03
-9.352223212554687279e+02
-9.114354439141700368e+02
-3.775108603541045795e+02
-2.852442855035196771e+03
-1.821084381391995066e+03
-1.020333926417193425e+03
-2.143081221656443631e+03
-2.255655849696797304e+03
1.665591247266823984e+03
-2.583015487110777485e+03
-5.539827625427985822e+02
-2.627686034493548959e+03
-3.464751841562805566e+03
-1.606907681908445738e+03
-1.556376564648228168e+03
-3.559114815330326110e+03
-4.001364792694182597e+03
1.264684721024494820e+03
-3.147593537609165651e+03
-2.510329733142562247e+02
7.211615364257254441e+03
-3.404898696180978277e+03
-1.670837733152324063e+02
-2.720173058316622246e+03
3.913815580466471147e+03
-3.107889656404422567e+03
-1.847022170998964839e+03
-1.542551038101735799e+02
-2.753495502579162803e+03
-2.937147724613784703e+03
-3.399825492265256798e+03
1.111397084204318708e+04
-3.180173999667623320e+03
-3.728955391096299991e+03
-4.249209778058226220e+03
-1.369094397935894222e+03
2.365516165856355144e+02
1.221234641627152087e+03
-4.514985675888208789e+03
-3.436500864006653501e+03
-1.287008943775143507e+03
-3.920178652687052363e+03
8.881330071969747223e+03
-3.845888808337530463e+03
-3.954145382502186408e+02
-3.173380887155433356e+03
-1.701762706153261661e+03
-2.131853068274886937e+03
-1.217544673889680325e+03
-3.324657016841154473e+03
-9.279630215311625534e+02
-3.315780955300686855e+03
-3.384101591593134799e+03
1.210269815632121436e+03
-2.407643533919127094e+03
-2.293644392825069190e+03
-3.933359723341507561e+03
-4.182210012546574035e+03
-1.891871251131412919e+03
-1.926830880585941259e+03
-1.832272126298820467e+03
-1.413751895549981100e+03
-3.431321983005988841e+03
-2.060498701371802326e+03
-9.342155319100452289e+02
-3.084782306336872807e+03
-4.243374675485420994e+03
-1.814890090813213646e+03
5.835884560592278376e+02
-1.765979213376584994e+03
-3.235636122392937068e+03
3.900538061131921040e+03
3.113831031080212142e+03
-1.933932822089957426e+03
-3.045836286709266005e+03
-2.177436872470130766e+03
-1.549979768259209322e+03
-3.171414835489227698e+03
-3.597176938039614924e+03
-1.664397206243952951e+03
-2.700348770458445870e+03
7.968840817617781795e+03
2.539384489890799159e+03
-2.715874747950301753e+03
-4.394857980820745979e+03
-2.669765092837933480e+03
8.877656231769076385e+02
-3.532509891249798329e+03
-1.911495825317211029e+03
-4.093906942572516073e+03
-3.262339966907412872e+03
-2.558618539421610876e+03
8.137850385782955982e+02
-2.610999072356634315e+03
-2.216706109042859225e+03
1.092852237749646974e+03
-4.499265104012839402e+03
-9.228930686940849455e+02
-2.763113117655523638e+03
-4.302056209003362710e+03
-2.605822429173055298e+03
3.436202993366912324e+03
4.587076563204918784e+02
-3.280589337017411253e+03
1.718615519733143401e+03
-2.402251591892138094e+03
-3.662750058787394664e+03
-4.148244007224329835e+03
-3.517274993394084959e+03
-3.657646106056109602e+03
-3.226992648105402623e+03
5.015705176688873507e+03
-2.751109860677685901e+03
-2.899969991822553311e+03
4.648545101490023512e+02
-4.761447468843989554e+03
-3.846234247961091114e+03
-1.923147265453114869e+03
4.120899568144260229e+03
-2.857716829800515825e+03
-4.336311121521229325e+03
-2.865578569874885943e+03
-3.173450815249113020e+03
-2.241587300869122828e+03
9.583195812672256579e+03
-2.769576549746881028e+03
-3.918944997731101921e+03
-1.852401998450193105e+03
4.366591706680361312e+03
-3.026625240232884153e+03
-2.806325602376821735e+03
-2.818151412238785269e+03
7.507894931144193833e+03
-4.393823761973863839e+03
3.202955314074567013e+03
-1.952020426457239410e+03
-3.362964930944938260e+03
1.365978937221032083e+03
-2.277021256797670048e+03
5.679443626608206159e+02
4.214995866875284264e+03
-2.505932199471435979e+03
-4.227221362523739117e+03
-1.010895900331239091e+03
-4.241538372985171918e+03
-2.706951051558545259e+03
-8.381038433152062908e+02
-3.987569148380767729e+03
-2.001918236451300345e+03
-1.274905336232090178e+02
-2.451731261212018126e+03
-3.586175707948724266e+03
-2.209007691571344367e+03
-2.635027995285579891e+03
-3.583728180733065983e+03
1.116507607875511439e+03
7.386785335330408770e+02
1.403523130869082536e+02
-3.143425868334818006e+03
-1.483787128422366095e+02
-2.295787666824681764e+03
-3.578424050226709824e+03
-1.738329485977963714e+03
7.647226737121848601e+03
-2.973825048967199564e+03
2.007834720512255728e+02
-1.133136048436829924e+03
-8.058094996158315553e+02
-1.987088469727894335e+03
-1.940355717859586093e+03
-4.028260965105288960e+03
-3.156009916035725837e+03
3.326105735652095063e+03
6.785250985952066003e+03
-1.465045293264121256e+03
-3.119400648511314557e+03
-3.506846410683610884e+02
-2.645340774183871872e+03
-2.553157852957075647e+03
-1.661347574671065331e+03
-3.110319756775468704e+03
1.159505547266519670e+03
-2.651395643412762638e+03
-2.425950062840331157e+03
-3.646521113025210070e+03
-2.686675455315771160e+03
-3.718383913077244870e+03
-3.812242196004418474e+03
-1.691972557281610989e+03
-3.008301898030212669e+03
-5.051161329853161419e+01
6.014326845070019090e+02
-3.168368121330383019e+03
5.318156208435299277e+02
-2.039744426388491092e+03
-3.968356999728381652e+03
-3.429430967222391246e+03
-1.888271588973234657e+03
-1.673212072211000986e+03
-4.870954761085096152e+01
-3.052306692248615036e+03
5.130289395129949298e+03
-2.344795620132025306e+03
-3.422347692964671751e+03
6.093784206832859127e+03
-2.388984228864891065e+03
3.401118580829573148e+03
-1.428562504359809964e+03
-2.956517012901404541e+03
-2.537579688786684528e+03
5.060723869025553654e+02
-3.369858461755624830e+03
7.796816366207204396e+01
-2.738779371659647950e+03
8.625582979003536821e+03
-1.415695248312256808e+03
-2.789421329336963026e+03
-2.788826326025872731e+03
4.618985677586746533e+03
-2.900416768745333684e+03
2.021314806778338834e+03
-2.115710611027085179e+03
-1.325525603633543824e+03
-1.336561242032734299e+03
-2.029891993929515365e+03
-2.864225132812210177e+03
-2.104482283528841890e+03
1.166649174392923669e+03
6.593840625463092692e+03
-3.575924216021235679e+03
-3.320318900771836070e+03
-2.540485899042037545e+03
-1.848018727138772192e+03
-1.632298590821592370e+03
-2.969820820515173637e+03
-1.914376862787894197e+03
-2.104750262040947462e+02
-3.948399047476869782e+03
4.282278084176005905e+03
-3.784554688331216312e+03
4.415593851621684735e+03
-4.654130273704882370e+02
5.438413859596902512e+03
4.081350259521344924e+03
-3.852994068561520635e+03
-2.408534079373102941e+03
2.608536799532173063e+03
2.190919865394742828e+03
3.330431400883103834e+03
-2.947971682817889814e+03
1.077521078974255761e+04
-2.834492157373603277e+03
-2.640760492050496850e+03
6.848777107983869428e+03
-2.170591990344914393e+03
2.840937832697614340e+03
-2.062789601427007256e+03
-3.979035507992074940e+02
-3.222596343824585801e+03
3.632285560570312555e+03
-2.126149415856389624e+03
-2.120676486332401055e+03
-2.461319788102488815e+02
-2.713957903037678989e+03
-3.866467045711637184e+03
-1.595455783998808556e+03
-2.637065286762106552e+03
-2.532703144374347175e+03
-3.318254499690069679e+03
-3.467653655308890848e+03
-3.027041745277230348e+03
-3.064174672204761464e+03
3.665660064050167421e+03
3.750525026245831555e+02
-1.615679565229657555e+03
4.014317166640059895e+03
-8.453857123050146356e+02
-3.666156419414738593e+03
-2.186982726192276914e+03
-2.685045132580007703e+03
-2.150197194645285435e+03
-3.853068569464937809e+03
-3.214812860593917321e+03
-1.383376535190239565e+03
-1.567367011639185421e+03
3.685487729890546689e+03
-2.942739384218428313e+03
-3.782202517805951175e+03
-3.330923810409954058e+03
9.014289448206865927e+03
-2.921405074000560489e+03
-2.129406828804077122e+03
-2.211686270770676401e+03
-2.478771777277471301e+03
-3.376617443403226389e+03
-1.654673959596033228e+03
-1.537491306878266187e+03
-4.515778313681725194e+03
-2.738153416090121027e+03
-1.928967901821410805e+03
-1.649002459499686211e+03
-2.454505217128334607e+03
5.053403819608306549e+03
-3.694559739077136783e+03
-6.039485809782038814e+03
-2.130594508780342494e+03
-2.184633879872418220e+03
-3.815036920062980244e+03
-3.662315901048885280e+03
-1.840219566221076320e+03
-5.568576803015556607e+02
-3.722041366309073965e+03
-1.148585832198094607e+02
1.356648385430954477e+04
-3.255603222777157498e+03
-9.932156948989945988e+01
4.586394139931051541e+03
7.851481058495091929e+03
-2.106263866022971797e+03
4.502713694563963145e+03
-3.505015999383524104e+03
-8.170211237960424455e+01
-3.024087835244191410e+03
-2.814897090928649504e+03
5.511011303326611142e+02
-1.762543552234895742e+03
-1.465971455965748419e+03
-5.766171084487627922e+02
-2.595211188698621754e+03
-1.914032594386153278e+03
-4.270556720503192992e+03
9.386183467945305892e+03
1.018014138504673042e+03
-4.153806292599273547e+03
-3.603299722046595434e+03
1.555548393759891951e+03
-1.847250869240168640e+03
-2.500553179794503649e+03
2.486036858035889509e+03
9.527445168349055166e+03
-3.928662898438124557e+03
-2.091431041320129680e+03
-2.922457832238180345e+03
-3.691866817125896887e+03
8.359361575967777753e+03
3.971866065416947549e+03
1.869803440048219045e+03
3.131108383678080372e+03
-2.846222330291111120e+03
-1.876518598400020437e+03
9.744155846834490148e+03
-2.936755999350803904e+03
-1.423579038636679343e+03
5.633594589118733893e+03
-3.255337713006626473e+03
-1.848143610777589629e+03
-2.676017960401718028e+03
-3.921237809661298343e+03
-3.075504893481093859e+03
-2.240716069241433615e+03
-2.204661611124929550e+03
5.148178480996437429e+03
6.680888116227528371e+03
-7.553147982196156818e+01
-2.533866503136867777e+03
-1.780565757658932625e+03
-8.515575100247410774e+02
9.732976838108185120e+02
-2.850459203920270738e+03
1.406033958266961599e+04
-2.712806013065665866e+03
4.419611195008910158e+02
6.397410340911070534e+02
5.934339726691960095e+03
2.324527311521811157e+02
1.160617434245980985e+04
-3.164214458424998156e+03
-3.030641622802429083e+03
7.777658008714892276e+03
7.866268287005830643e+03
-1.017181695456339867e+03
4.280013615908341649e+02
3.287361724006768782e+03
-2.203461424036971039e+03
2.005570612967158922e+03
-3.784115162762666387e+03
-1.687247643092932776e+02
-2.946645483554200837e+03
-2.166046185400483864e+03
-2.729814263026586559e+03
9.963649859840836143e+03
7.003658617306785345e+03
-7.863938388410064135e+02
5.314983564396184192e+03
-1.335559482650965037e+03
5.426100192557272749e+03
-1.384036549174729771e+03
-9.919823303179059621e+02
9.525223602497275124e+02
-3.967831663745003425e+03
-3.184455139992584463e+03
2.008387590754172834e+03
-3.861377327227925434e+03
-6.523636313389301904e+02
-1.077248903961165524e+03
-1.912483117320992733e+03
4.445605737216669695e+03
-4.000178851312477377e+02
-2.770312275808154482e+03
-2.750585413184757726e+03
1.584231355645076974e+03
-1.760940313213939135e+03
-2.179089409923230505e+03
9.685435402017474189e+03
-9.687242041665369925e+02
-1.139151726707303169e+03
-3.546510524223816446e+03
-1.865712299331225040e+03
-3.365870296079789114e+03
-3.360269776421715960e+03
-4.528732841170257416e+03
-1.861079004621429476e+03
-2.618577443193270483e+03
1.485565806956680717e+03
-2.187118679992084253e+03
-1.704137835275286534e+03
-2.631306972450277044e+03
1.112765472273646446e+04
-2.714000103138751001e+03
-3.350499491352640689e+03
-2.919605941554601486e+03
-9.897238250107886870e+02
1.217857722176299649e+04
-1.897320895865393140e+03
-2.695428540789813724e+03
-1.119809313084488622e+03
-1.183928029916406331e+03
1.469579867097502756e+04
1.101426252495492736e+04
-4.138657040513086031e+03
-4.017740277826949750e+03
9.747324420231778277e+03
-3.038458101174079729e+03
-2.763400729409737323e+03
-2.918592181568108117e+03
1.090505921549531013e+04
5.499887039573171023e+03
2.058505545576857912e+03
-3.549771233566219962e+03
-3.903256961684366161e+03
-1.489540453714268779e+03
1.660375247203164236e+03
-3.237337226383546295e+03
-1.285534478745111983e+03
-8.662411328137487772e+02
-2.098470650856482735e+03
1.250624184875882020e+04
-2.635218531833308134e+03
-1.656577588086978949e+03
-3.970106120031774935e+03
-1.967673395288236861e+03
-2.020200770651817948e+03
1.274092534330905801e+04
-1.873797357342828263e+03
4.835132789812946612e+03
-2.495176958119830033e+03
-1.374522651772247627e+03
9.201040884979925977e+03
4.103424572368050576e+03
-3.371436671841932366e+03
1.851123063854830980e+04
2.288208514707979759e+02
1.542233947390348840e+04
-3.179345589151242621e+03
-1.684174628964119165e+03
5.176696822061388957e+03
-1.733818223784430529e+03
-2.271238290989110169e+02
5.698186091697111806e+03
-2.888430426962706861e+03
-2.054988033398962216e+03
-2.004412914496620488e+03
5.438190918215708734e+03
-2.506887840268704167e+03
-2.154134453578371449e+03
-2.398512608945287866e+03
-1.579078809589555021e+03
8.601011223780892578e+02
5.000466081317560565e+03
-8.687939395334633446e+02
-2.494348986914011675e+03
6.557395468848666496e+03
-1.905081726070179002e+03
-1.700019439546277226e+03
1.824401822575233837e+03
-1.601713496863801538e+03
-1.513665280428603182e+03
-9.171592262302158360e+02
-7.931084383872953367e+02
5.996528163769184175e+03
-2.630217680005753664e+03
-2.892292314711045492e+03
3.962177117307137905e+03
2.613952488700330377e+03
-1.748209424722028189e+03
-1.117365499528377995e+03
-1.947068228689657190e+03
-2.320113525179080625e+03
-3.112441568962791280e+03
-3.019728547718030313e+03
-1.826826520015330061e+03
6.253056577954970408e+02
1.906539854011360262e+02
1.406429374809529327e+04
-5.247927386708745871e+03
-2.666260204981506376e+03
2.516517309649985236e+03
-3.374555353274786739e+03
5.124281333694832028e+03
-4.089287961315372741e+03
4.743267535122469781e+03
2.176616644603551777e+03
-2.570242434428158958e+03
-3.221180336688536954e+03
-7.015211006678717922e+02
7.686935946596059921e+02
2.321838630842255952e+03
-1.088860439285356733e+03
-1.494632348036760277e+03
8.955554092290507469e+03
-4.246887661504270000e+03
1.877190365237243441e+03
-1.328029863081500935e+03
1.466215961616388086e+04
5.097560149649900268e+03
-3.586505509550032912e+03
9.099689732943146737e+03
-1.640556942377628502e+03
-1.898855185802347478e+03
2.427951048156935030e+03
-1.112645871725849247e+03
-1.900302686139832076e+03
-1.622787445576293294e+03
1.818591693083307837e+04
-2.705838146136961768e+03
-2.105456800148027014e+03
-1.220904562864968511e+03
-2.443134485103101724e+03
-2.647064102201543847e+03
1.569386745064843126e+03
8.303470807360581603e+03
1.554709327325314371e+04
-2.230167666349176670e+03
-2.036189475624051965e+03
4.982702553954472023e+03
3.361533897831508057e+03
1.049163753724422531e+04
-1.916372009872796298e+03
-3.183455157412757217e+03
4.585938702568244480e+03
7.034685403818079976e+02
-4.542082246093357753e+03
-2.060994002513486407e+02
5.422208769411490721e+03
1.130486230730139141e+03
6.849843095387431276e+03
-1.431289340206214092e+03
1.606383269036525598e+04
1.280694116616046085e+04
-2.398669302989288553e+03
-2.370334751705865415e+02
-2.443797264375698433e+03
1.400748864836904249e+04
-1.503065074490544248e+03
-1.060314992755362027e+03
7.260491525795507187e+03
1.423276725738840867e+02
-1.662806181508224427e+03
-1.780855141593762937e+03
7.202122987816042041e+03
5.101587241258012000e+03
2.116276907012692391e+03
-1.451013397491402884e+03
9.301234200593449714e+03
1.287187081715805652e+04
1.170894846520262763e+04
-3.206953998869848874e+03
-3.043346397255077591e+03
-2.746963180976790227e+03
-1.623236978184472264e+03
-2.337282694268545129e+03
9.635557823471079246e+03
9.433553944478973790e+03
-1.893408924747902120e+03
-1.054916506524283022e+03
-2.147392108489209477e+03
2.055544743998440026e+03
1.182809177340235237e+03
-2.166824353110889660e+03
-3.374326157860359217e+03
8.981597251086994220e+03
7.792582386721092917e+03
-8.968569620720186322e+02
3.235397401888914715e+02
5.042891489897919200e+03
-3.305075114846178167e+03
-1.417868297924218950e+03
1.393759010554141241e+04
2.892586071068787533e+03
-1.092897915213814485e+03
7.435668120207395987e+03
5.629996938211559609e+03
-2.873246880381318078e+03
-2.775162522670859289e+03
-3.627823708359504508e+03
-3.554144420742869897e+03
-1.690828735651366287e+03
-1.871040645217646215e+03
8.997309873777780012e+03
1.873988815653369966e+04
-2.015116539262085325e+03
-2.668904446278382238e+03
9.830857414396234617e+02
7.970223364190311258e+03
-1.630118153551899695e+03
-2.586784590482117892e+03
5.338557711442119398e+03
-4.279897496826385463e+02
2.518659989221976957e+03
1.126078010675322184e+04
1.637326984934710197e+02
1.307628509208389369e+04
7.245139306389179183e+03
2.005705108712963465e+03
3.415618376843138321e+03
-2.266608717560548030e+03
4.961297052594192792e+03
1.727735126452101395e+04
5.824404357399114360e+02
-3.181234706823542638e+03
-2.843234394815456199e+03
8.565670605805558807e+03
1.107651883755645940e+04
-3.157061588347411316e+02
1.561343260244787598e+04
-2.982176167937228456e+03
-2.747395825907735798e+03
-2.164942107464342826e+03
-2.439887521283312708e+03
1.154536800471640345e+04
7.950894131190210828e+03
1.527238450523527172e+04
-2.483928823986448606e+03
-1.103238290490360214e+03
-1.533230896834765417e+03
7.711068663892957375e+03
2.112723234053462511e+04
6.356987823805423432e+03
-2.084838576502260565e+00
-2.287863352857400514e+03
-3.418687536724055462e+03
-3.213542145553248247e+03
-3.037306494172177736e+03
1.726050524112409403e+04
9.171929171141759070e+03
7.223720377692384318e+03
-1.219472231543093812e+03
-2.852346729046284054e+03
-3.074856393752194890e+03
-4.216346886796014587e+03
-2.648972435494897582e+03
-5.740938653621964249e+02
1.082880267152709894e+04
-2.859594665603531666e+03
1.475146744886035958e+04
6.861601022987750298e+01
1.495973185047108245e+03
4.969239245900865171e+03
-2.620371578311419398e+03
9.623757849332099795e+03
1.251252610389832989e+04
4.888055663550449935e+03
-2.812325169141197875e+03
3.954734748622900042e+03
4.889309330831273655e+03
-1.667046710320785451e+03
1.687306064091100097e+02
1.608592703447628810e+04
-1.438268939837838616e+02
-2.084591797116899215e+03
3.794771115812891367e+03
1.670104486158977670e+04
1.008813435601566744e+04
-3.009653322804750132e+03
-2.513371189201764082e+03
4.697683555163045639e+03
-2.341684748214040155e+03
5.037449946984028429e+03
6.350933295654563153e+02
-3.678849390340930313e+03
-2.825979246049850644e+03
1.194279969970939601e+04
-3.210312258120043225e+03
-2.332374673558564155e+03
8.350935932369933653e+03
-3.049052210324871339e+03
-2.988452589284049282e+03
1.974710780986515601e+04
9.643812247260319054e+03
6.989954436774032729e+03
6.527510644294889971e+03
9.105918967533192699e+03
-1.514741790562644610e+03
-2.687800533806381736e+03
-3.156038637284632387e+03
2.314140705282018189e+03
-2.647813705563011354e+03
1.357283620463947227e+04
1.217690581541263964e+04
1.974028679997863219e+04
-1.855710248705192043e+03
-3.336499977690764354e+03
6.989842296802882629e+03
4.270071715691659847e+03
-4.261923475469013283e+03
-3.745541448594669419e+03
1.196295081284400567e+03
1.384903358579069209e+04
-2.687145058652425178e+03
4.723448422693402904e+02
-2.907703808752492932e+03
1.674700646166186561e+04
8.551931965101110109e+03
8.874200497603849726e+03
-2.692798417621323551e+03
-1.631106325442442767e+03
1.457203087752372767e+03
-2.579748276575169712e+03
-3.081844898316656327e+03
-2.489869110990654463e+03
5.167656668535832978e+02
1.213167912123923088e+03
-3.516637714986322862e+03
-3.524530959738402998e+03
1.678392196207891539e+04
-2.685123301495146734e+03
-1.620259861339173540e+03
-1.727229877749837215e+03
-2.775341868876789704e+03
-3.003113677212066705e+03
1.819037994937683379e+03
-3.634196495605413929e+03
-1.704211566981687838e+03
-2.499312207137411406e+03
5.781643999783218533e+03
-7.779798311944919078e+02
2.153187987651168442e+03
5.497772418199075219e+03
9.243221694116786239e+03
7.434049031006126825e+03
-1.570755425936545407e+03
-3.157139738621576271e+03
6.750074621248986659e+03
2.890741289502256677e+03
-2.225400940719639493e+03
-9.994106593950820070e+02
2.226278744087872383e+03
-9.801476794479651744e+02
-3.440127030993921380e+03
-8.024645702528108586e+02
-1.506620266839074247e+03
1.407354832571534189e+03
-2.332326352649507498e+03
-1.328383091001425385e+02
8.892183707285299533e+03
4.401029742437884238e+02
-1.066380239694699867e+03
-1.767141197515352360e+03
1.607248360948216759e+04
9.486094628625536643e+03
-1.928328597428203238e+03
1.356046722699542443e+03
4.575954664571100693e+03
-2.991792883976324447e+03
-1.779397402679548577e+03
-2.456181941905441818e+03
5.721687735906086345e+03
9.656323072665799145e+02
1.073052545887876295e+04
7.260791665738710435e+03
8.452844052614693283e+03
1.531666454186180090e+04
-2.036387424478265757e+03
1.027635000700803721e+04
2.479038383785930080e+02
1.480946678878256898e+04
7.336212492543147164e+03
-3.076097100066297571e+03
1.244351014562511591e+04
3.868349135807993662e+03
3.202194231042109550e+03
2.480846671674416029e+03
3.242293483079089583e+03
-3.807056398271906801e+03
5.558325880232586314e+03
8.484994744259429353e+03
1.539976090239534096e+04
-3.402245108773914126e+03
1.519373680113328010e+04
1.102949951819919806e+04
2.201315906061011628e+04
-3.872738358786648860e+03
1.488052473737358014e+04
-3.314786816932538386e+03
-1.245042264062951062e+03
-1.713561378472072192e+03
-3.049883543788963379e+03
6.392161083262370084e+03
-2.687324701227501464e+03
9.820211588329069855e+03
1.070086724804212463e+04
-4.325286954513993010e+02
6.249907409656825621e+03
-3.717094961675989907e+03
1.151029657268834490e+04
1.580722577303651633e+03
1.484853603360644956e+04
1.965460295926933156e+02
-3.550139932314013095e+03
1.850824446522579137e+03
4.822066381501951582e+03
7.190745797920429141e+03
1.682024625342779837e+04
-2.573550398223070260e+03
4.483606410696195780e+03
9.924374372976129735e+02
1.833779869913549419e+03
-2.239103782514869636e+03
-2.396728283033914067e+03
5.577078956928707157e+03
-1.799709132590172203e+03
-1.623320740060951039e+03
1.254211446777536003e+04
-1.661572901164129462e+03
-4.181341451150959983e+03
2.566336542048109550e+03
1.108830021942757185e+03
-1.833813838496004564e+03
-2.259180455797774357e+03
3.243650965596989863e+03
-1.727275623745101484e+03
7.112880676425969796e+03
-2.956243185049625936e+03
8.125504255913649104e+03
-6.830220070748599710e+02
-4.147095655896380777e+03
5.851515027258952614e+03
-1.383661701822652503e+03
-3.134359794758684984e+03
-2.343971140928871932e+02
1.834519267791763923e+03
-2.746586299240500921e+03
-1.113789800362493452e+03
1.124968087075910626e+04
6.961814964153713845e+03
1.527585073682348047e+04
-2.468773481503838411e+03
-3.098670509743502862e+03
6.144385688796299291e+03
-2.035245218566333278e+03
-2.492310021531986308e+02
9.090420456138957888e+03
-1.660251093852768463e+03
-2.541039774738884716e+03
1.398128150280623959e+04
1.864003086166629873e+04
-3.496562915663909621e+02
-6.489826219594461918e+02
5.718935797607118730e+02
2.132328600220680528e+04
-2.398414746924441715e+03
1.258360240679573280e+03
6.231068662313075947e+03
2.742038476244985304e+03
-3.660959184618893232e+03
8.896081906106022871e+03
5.056264169586966091e+03
9.550231117737459499e+03
-1.583092038749779931e+03
8.120083310533789245e+02
6.664099236276891133e+03
1.146547485987552591e+03
6.558226668851303657e+03
-2.433517838793683040e+03
2.669736607953406747e+03
4.529648533146409136e+03
1.631177620808192114e+04
-2.306955062650750278e+03
-3.076070998987292114e+03
1.011532877174459827e+04
-3.519339298362404520e+02
1.471780051969126362e+04
2.123530602732717853e+03
1.874306300089723300e+04
-2.810080303447414735e+03
3.554682146489785737e+03
1.120868886227444818e+03
-2.125101457649095209e+03
-2.495517014461288454e+03
-2.148728107188256217e+03
1.816340153210452627e+04
5.559286573916091584e+03
8.014589982486031658e+03
5.506129697191920059e+03
2.954006035488855105e+03
1.555534724079445914e+04
1.858508069887286183e+04
4.161068704477499523e+03
3.165683148838683792e+03
4.428858893344056924e+03
6.925110494553953686e+03
1.290639181211055802e+04
2.908273802002747288e+03
9.788232120868509810e+03
-3.070916743291214971e+03
6.471753724496990799e+03
1.420157547780970890e+04
1.060523478459605576e+04
2.181355921770579698e+03
1.479676541271046335e+04
1.343779502322755252e+04
-2.787177221747552721e+03
2.179268004249657679e+04
-2.293940522975216027e+03
2.050405695297182319e+04
4.513734547499659129e+03
9.695059871400497286e+03
8.342367043952121094e+03
1.610086588732290693e+04
7.300648498896277488e+03
2.953317045106738988e+03
-9.400029592575594961e+02
-2.779157387656852734e+03
-2.483765515061511451e+03
-2.390117151630288390e+03
-2.742464057896817394e+03
3.824225058654081295e+03
-2.970330991858588277e+03
1.381126885810179374e+04
-2.010257874710835040e+03
4.766774023891091019e+03
5.472072489312331527e+02
1.093933617444592528e+04
-2.794581706236713217e+03
-2.903793718757307488e+03
2.176453660638921792e+04
4.662975687130265214e+03
9.396415745820198936e+03
1.940628607077493143e+04
-1.205708768664644140e+03
-2.041454860544337180e+03
6.821772173876976012e+03
1.008555203830477876e+04
5.180998463786503635e+03
1.772173617588576235e+04
-1.512727506448479517e+03
-1.965256257461781161e+03
1.750105832340367851e+04
1.132119760274366854e+03
-3.067744423969291802e+03
1.019669166118999783e+04
-2.690190815663200283e+03
1.845169824607913688e+04
1.840912397947895215e+03
1.372502527682994332e+04
-1.414780476308843618e+03
1.997654147604248283e+04
1.416694070744810051e+04
9.028866512786396925e+03
1.058316051589461131e+04
-1.170554344011604826e+03
-3.487985084881854618e+03
7.266478127935250086e+03
-3.210794390187340468e+03
-2.443000656615038679e+03
4.739558259639399694e+03
-1.735469899671621079e+03
4.569675390906509165e+03
-2.111033080722129398e+03
-1.643583575112125118e+03
8.636429852596558703e+03
1.819232510042945432e+04
6.263857536063391308e+03
6.142665501168238734e+03
1.525744021449469619e+04
1.193719289615932894e+03
-3.552327098547857076e+03
-4.274483786645399050e+03
8.185807023956900593e+03
2.621895294385851685e+03
1.055750208671939617e+04
1.397431727583737847e+04
-1.309256896079363514e+03
7.575756995929895311e+03
1.000756249725408270e+04
3.578235545189520053e+03
7.214451547742644834e+03
-2.425043823134257764e+03
8.352311935440558955e+03
-2.349641004804578643e+03
2.013261733048115639e+04
-2.467766736520201903e+03
2.167983749754684595e+03
1.495864077696427739e+04
1.365204038537646011e+04
1.717843971244337445e+04
-8.854173531352977307e+02
-2.404222309897243576e+03
3.243805447896393161e+03
-9.902107539797428899e+02
5.313606649557359560e+03
1.850283560552629069e+03
-3.245012600681187905e+03
-2.867873464059812704e+03
5.009135993508967658e+03
1.629393262689220865e+04
-3.338085078628116662e+03
2.013244873232585087e+04
3.117129931725749429e+03
1.359006768723009554e+04
-3.302867922811620247e+03
-9.699659299547702176e+02
-2.022901737839541966e+03
7.480831537922395000e+02
7.414280431837159085e+03
-2.142786109748874878e+03
-2.877031246157941951e+03
-2.626059888360477544e+03
-1.455434504082083791e+01
-2.275629887404431429e+03
6.016421883754375813e+03
1.341467324047005059e+04
5.261464999550500579e+03
-3.090347886497227137e+03
1.278886501721076274e+04
7.743879142913538089e+03
1.132495334787295360e+04
-2.447303162133622209e+03
6.392013971773380035e+03
1.694511182353202821e+04
1.691705869273917779e+04
8.673486134143899108e+03
8.402244476668527568e+03
3.578278924938918863e+03
6.531379774752672347e+03
4.746741940393072582e+03
1.828052319212369184e+04
-2.528950769751442749e+03
8.904513915056053520e+03
1.114266381546684670e+03
1.009884243429315120e+03
1.939674899681609895e+04
4.992291948273585149e+03
-7.980701502553976070e+02
-1.786926069165067474e+03
1.245721673417757302e+04
-1.523414548048791403e+03
1.235782101727209738e+04
-1.673614864161889273e+03
3.359334733588822473e+03
-2.851774482216419983e+03
1.166778248459732367e+03
1.015659435696030778e+04
-2.557117830188996777e+03
-1.318731319982870218e+03
-2.173161501623686490e+03
2.063378101117327333e+03
2.559934923554307534e+04
1.371048437585870306e+04
1.131758300132340810e+04
-2.336190413479939707e+03
-2.360939180088650119e+03
5.913739010378768057e+01
1.491614299299440972e+04
1.690290855839288633e+04
1.967309504549883059e+04
1.608065396151741152e+04
1.943981693263484703e+04
1.585471463087322661e+02
9.105989316559129293e+03
1.007023872085822040e+04
1.430341567594898515e+04
-1.235155883754708611e+03
-1.441283873753948455e+03
9.511383711435037185e+03
-3.405813460793919148e+03
2.056539962277719678e+04
1.462251171916176281e+04
1.892487096196136690e+03
-2.560104702373471810e+03
-2.051060668010260997e+03
4.992191047036335476e+03
2.635429720560573969e+03
-2.965449225885977285e+03
1.980434719688626137e+04
5.301360361829765679e+03
1.269347404783618003e+04
-2.842140400301743284e+03
4.107781540174132715e+03
9.120096616568366699e+02
-2.260847406452104224e+03
2.622446988223184235e+03
1.114688130985372936e+03
-1.946350603139164377e+03
-2.920605901310297668e+03
4.632470938575732362e+03
-2.850776730603978194e+03
1.909943305819097804e+04
-2.443441309923752556e+02
7.164692042786661659e+03
-2.628449894610404954e+03
1.258904192260731179e+04
2.114578009107926846e+04
-2.599903632277309498e+03
3.596556691988361649e+02
1.389564991702693260e+04
6.196588669043721893e+03
-3.997227358541417743e+02
-1.773201268855894114e+03
-1.930704349060272079e+03
-2.533118442133836652e+03
1.444777990283138479e+03
7.608358369490580344e+02
-2.416340749984514332e+03
2.369329580400796112e+04
5.412306515402895457e+03
-2.569719033473792933e+03
-2.927487377978351105e+03
2.125868290966687346e+04
3.116852847165425374e+03
7.011167292603210626e+03
1.604650648942489715e+04
3.578222235566498966e+03
-3.299674131889291857e+03
9.692845528029105481e+03
-1.742910503199338109e+03
2.047718231301501146e+04
-2.673618284022289572e+03
1.263517698326804930e+04
-2.840005086622230920e+03
2.138240469175869657e+04
-2.851598872999912601e+03
-3.803373960841722692e+03
-2.950554001150567274e+03
1.538614662985084396e+04
6.659703776219834253e+03
1.446746208273998309e+04
1.560901131862945113e+04
1.893464044705420747e+04
-1.740642441239735945e+03
1.794417643698405300e+04
7.936403301914049734e+03
8.927895883207380621e+02
-3.649540531385639497e+03
1.955793967797633013e+04
2.132290657648094202e+04
2.143714010515993868e+04
-2.450939930071238450e+03
-9.707085606145764132e+02
7.232164454649330764e+03
-2.819123451282806855e+03
2.235884104253802798e+04
7.535929684956685378e+03
1.841890243477390322e+04
-1.072521482563677409e+03
-5.217407343984828003e+02
2.012864214280632223e+04
-2.176226998045446635e+03
2.524208144372700644e+03
2.164973601414437144e+04
1.132529718553594194e+03
2.092776899932620290e+04
1.305518990579504680e+04
1.289608650223326003e+04
-2.831171981538463569e+03
1.638289435572827415e+03
1.535246521321177897e+04
-3.054568732798817109e+03
1.575462093782556622e+04
1.170260368900302819e+04
2.121723224281734292e+04
-1.459888948673823506e+03
-2.461876133669029969e+03
1.739004699515723405e+04
1.321347875256259840e+03
1.268540582610563251e+04
1.019095440791779583e+04
1.482857568969737440e+04
-1.998677851613327903e+03
4.152149638972534376e+03
6.580528889056017761e+03
-2.295486712321016967e+02
1.989393494382559220e+04
2.404426922221562199e+04
5.930580448511202121e+03
1.186665862903548623e+04
1.523439851244938836e+04
-1.304234355835432780e+03
-2.335334612111209026e+03
1.441574880269165624e+04
1.706625693312127623e+03
1.232702119361407767e+03
1.986515234044770295e+03
-2.388005015694258418e+03
-2.835267075038324037e+03
9.334313866391285046e+03
2.587576390863705456e+02
6.048500688647688548e+03
5.500987257558238525e+03
1.597161874479015933e+04
1.742726521563452479e+04
-2.417050846478959556e+03
-1.940952918965144136e+03
1.589924450827345572e+04
5.961001512991829259e+03
1.252076288056595149e+04
-9.877976825189783767e+02
5.155842396837824708e+03
-1.606181590656821299e+03
4.195848474078808067e+03
9.972263354581071326e+03
1.174092945738628077e+04
1.370518367743389899e+04
-1.759586289187514922e+03
6.354015791180008819e+03
9.213521865599563171e+03
2.339802249736421436e+04
8.363744951142792843e+02
-1.824889298200954727e+03
1.494044771398876765e+04
2.516615631839329126e+03
7.910966558782873108e+03
-1.602863668441401842e+03
1.139295327061149328e+04
-3.076336691957120820e+03
-2.556687644714639191e+03
2.458808950202034976e+04
1.289634639376693667e+04
-2.933351959831849854e+03
7.108434210207282376e+03
1.543758311133992538e+04
1.088991809982390259e+04
5.340924500011356940e+03
1.146250147135972611e+03
-1.332276087354176980e+03
-2.535529491582858100e+03
4.917241088703793253e+02
-2.868568034316452213e+03
-1.424937113964457239e+03
1.906878257378772787e+03
1.642505591549095698e+04
1.553027781458400750e+04
2.806849373425873637e+04
1.204878199005826718e+04
9.989584722529576538e+03
2.847062861477705883e+04
1.625800478020327682e+04
-1.851778043069331034e+03
-1.965833839654826534e+03
7.487603226085037932e+03
1.455932857283886915e+04
1.810006026966265563e+04
7.570496004209051534e+03
3.305150370341441885e+03
-7.509729297177968874e+02
1.521386051513828534e+03
-1.943993762800483864e+03
6.620557888836679922e+03
-1.344156324963631732e+03
1.170951220487527098e+04
-1.821034800437938657e+03
1.154205552888143211e+04
1.532579550123685658e+04
-2.807452014935812713e+03
2.384138251573484013e+03
1.783431016084285511e+04
7.006199759997218280e+03
1.092360093058430550e+02
1.233502166731601756e+04
1.942079200223650696e+04
2.565899597719010853e+04
1.985747281074968123e+04
1.397220621361873964e+04
1.281850780524865877e+04
6.802541535579787706e+03
2.623977226114162841e+04
1.767480121138622781e+04
-1.047299688181769170e+03
1.775040261845617351e+04
-2.566327458726929308e+03
1.605811117090084736e+04
1.533876519217510941e+04
5.060590806446506576e+03
2.481025837249524193e+04
-1.839831156661851537e+03
1.482351398365363275e+04
-2.819089584018799542e+03
5.104670645903680452e+03
8.864495687699729388e+03
1.608952902165450178e+04
1.079187329616492752e+04
1.093371768913192500e+04
2.363567952910450003e+03
9.060119644043850712e+03
-2.824688781112540710e+03
2.018668736336429902e+03
1.187911367477378190e+04
1.931385181857904536e+04
1.673634671781952784e+04
1.430622852968164989e+04
1.581165439909141969e+04
-6.177432259389984210e+02
3.078269256513327946e+03
1.503614261342177451e+04
6.922338231878143233e+03
1.496377260783027668e+04
1.903483405633083748e+04
3.605163978465233413e+03
1.544057795156983502e+03
9.197677859674115098e+03
1.098413080003300456e+04
1.898625103901965849e+04
-2.790726141574828944e+03
4.945152952847101005e+03
-2.233953947576873361e+03
4.684264582696165235e+03
-2.180408426185644657e+03
-1.686470414008545276e+03
-1.431336993135600778e+03
6.267632462854397772e+02
-2.574760730430895364e+03
1.585318332313878818e+04
7.917385994258950632e+03
1.285652895619114133e+04
-1.894314476115978550e+03
1.740970191993602930e+04
7.756825848680006857e+03
1.794961056750787611e+04
-3.015659579358202336e+03
1.010584621632960807e+04
8.122418947051733994e+03
2.029003032355935648e+04
-1.592234717820660762e+03
6.693835440414566619e+03
9.014144307499249408e+03
1.767145803577924016e+04
-2.779716757567249260e+03
-2.712133486369033562e+03
1.867788264101279083e+03
2.163845629364208435e+04
6.902369256494716865e+03
1.217269697840591652e+04
1.417965514833436282e+04
-1.650128066296117140e+03
1.319280165605246475e+04
-2.473617248145748817e+03
2.329996226914082581e+04
1.139542769596030303e+04
2.131276445768922713e+04
1.376567785484702836e+04
-2.496274354164120723e+03
6.425062599477349977e+03
6.976203252368921312e+03
3.435466068552339038e+03
2.239753528274637210e+04
-1.444505374431184919e+03
1.679088620722112682e+04
1.799192652514204747e+04
1.921850593733437927e+04
2.520924419913984457e+04
2.421842684574079976e+04
1.022690349452092050e+04
1.820845079295195683e+04
1.288314256962735999e+04
-2.061353013421353353e+03
1.107477512915883744e+04
1.508559137308718164e+04
6.107913234486451984e+03
1.887198002363663545e+04
-2.657101527402503962e+03
-2.467114850950538312e+03
7.118162663083227017e+03
-2.339301000516311888e+03
1.116842726617566404e+04
1.409828959725370441e+04
1.873167504069288771e+04
1.275280508103402462e+04
1.330491600350261615e+04
3.394050774658077444e+03
1.425584433120943504e+04
2.165594636212632031e+04
7.507526697323307417e+03
-1.242420775351697785e+03
1.770513930619725943e+04
6.268429496017380188e+03
3.106646189061781115e+03
-1.520656819766954868e+03
1.013441167039383618e+04
8.346728483949153087e+03
2.007778942644823474e+04
2.447181149245317647e+04
-1.451149977645022773e+03
1.897967335783818999e+04
1.500040972390747811e+04
1.283540953728138629e+04
1.526419025758391399e+04
1.925592560858470824e+04
-1.918562233003931169e+03
1.234925852981619073e+03
