2.555941228364958079e+03
-4.848716652383405744e+03
-2.898849810851799703e+03
-3.364556394904534045e+03
-9.893882361382520685e+02
-3.107691145506241810e+03
-1.870970845255041922e+03
-4.869727650753338821e+03
-3.385914782222534086e+03
-4.048944107745132897e+03
-3.580975252799346890e+03
-4.275783061903957787e+03
-3.858851303755732715e+03
-1.072069118762314702e+03
-1.402100236305152521e+03
-2.637418181651395116e+03
-2.587958650559867692e+03
-1.441980786253906899e+03
-1.693735352225502311e+03
-4.202153917488623847e+03
-3.133311035066709792e+03
-4.070282176379409975e+03
1.206457482064184887e+03
-1.664609117329241599e+03
-3.719336772425664094e+03
-2.198720301139938783e+03
-7.605509561924584432e+02
-4.139661452160329645e+03
-1.424259324697254669e+03
-3.916581756403905274e+03
-3.849393571732863165e+03
-4.493078953823025586e+03
-4.301825978742073858e+03
-3.025020392118859036e+03
-4.490962639664773633e+03
-3.777621867421812112e+03
-2.781408208705568086e+03
-7.785903648688592966e+02
-2.342962002561685040e+03
-3.116260805360755967e+03
-4.633920848226575799e+03
-2.210264950955149743e+03
-3.799475981413746013e+03
-4.022126675160674949e+03
-2.100560472965893496e+03
-2.169538785992454905e+03
5.446642538633254844e+02
-5.108247146148590218e+03
-3.977016727487641219e+03
-1.542052983196480682e+03
-2.687505427801682345e+03
-2.279423384966003141e+03
1.504730923531766678e+02
-2.282413988359181076e+03
-4.013049384253347398e+03
-2.746223381375068129e+03
-3.441796633029128770e+03
-6.033733990431092025e+03
-3.678661086332989271e+03
-4.288377704947853090e+03
-4.049897781605344335e+03
-4.021296830653516281e+03
-3.330218866568772683e+03
-2.442826446633661817e+03
-1.624165307922723741e+03
-1.280661612648306573e+03
-2.972156789256553111e+03
4.017356620319675358e+02
-5.899246104265519534e+03
-4.986744553047306908e+03
-4.629395864527771664e+03
-4.551759710573347547e+03
-2.687660518242923899e+03
-5.770980392518690678e+02
-4.216339383425222877e+03
-4.305931594823754494e+03
-1.552319438444877733e+03
-2.912691708988734263e+03
2.044092110070633225e+03
-1.634632165057678321e+03
-3.095851029664576799e+03
-4.240407429686332762e+03
-4.082815331106024587e+03
-2.065765280528255801e+02
1.537396946657629542e+02
-4.336936363285611151e+03
-1.224421524426718179e+03
-4.948204560206488168e+03
-5.199640392442755910e+03
-2.901573089367770081e+03
-1.794247581172016226e+03
-1.999618618586649291e+03
-2.506863281861522864e+03
-4.003692353804102368e+03
-2.563227186223677109e+03
-3.830575927790685000e+03
-4.090339825427804044e+03
-5.020681348943752710e+03
-1.041090355272639272e+03
9.928483195059496893e+02
-3.424383886407374121e+03
-4.096711375439829681e+03
-3.765907784276986149e+03
-2.221547927664374583e+03
1.615427241571985405e+03
-4.471265816483363778e+03
-3.726071686170465455e+03
-2.648774118787579027e+03
-3.182791210126989426e+03
-2.539525482553214260e+03
-1.785203358752385384e+03
-2.789162418394454562e+03
-3.202175634296137105e+03
-3.972831821989902437e+03
-3.745150397960604096e+03
-3.760532145111294994e+03
-4.194893815729356902e+03
-2.562384370612359817e+03
-4.039652973139166534e+03
-4.816441548027443787e+03
-2.601065247055457803e+03
-2.504978458936868265e+03
-2.016322295245494615e+03
-4.454319191501353089e+03
-3.899119802824009184e+03
-4.561513402318274530e+03
3.187503944646306309e+02
-2.953985152371319145e+03
-2.348760567363890459e+03
-2.285329588192694700e+03
-3.116802942550322769e+03
-2.227466725577782654e+03
-2.310689501508160447e+03
2.723116102187620527e+03
-2.008519118238161809e+03
-3.649448764778489931e+03
-3.635049373190569895e+03
2.321523752256572152e+03
-8.423842348864794758e+02
-2.471736952877387466e+03
1.920465963848817864e+03
-2.701596088714964935e+03
-5.063606688487117935e+03
-3.675103149785383721e+03
-3.867596461898534471e+03
-4.753439224145207845e+03
-4.713011594942564443e+03
-3.079466184696337223e+03
-3.558156967231194812e+03
4.907449218634401973e+02
-5.413732746123311699e+03
-2.279406377665604850e+03
-3.124179452735021641e+03
-2.618095449946988083e+03
-2.781428477519652006e+03
-2.798362332810293537e+03
-2.965491301332125204e+03
-2.638178846506998070e+03
1.229373930565026967e+03
-2.976384406941833277e+03
-3.003341878279919911e+03
-2.945854753289451764e+03
-4.799478273650627671e+03
-2.508875893205984539e+03
-3.830197380769781830e+03
-3.914215438726644152e+03
2.010686689707692722e+03
-5.258191114508042119e+03
-2.111223304701039979e+03
3.511465878517721194e+03
-4.049445015327135479e+03
-1.400624355423154611e+03
-3.236318049503896418e+03
-4.986214627728949381e+03
-3.962802448439526870e+03
-2.154045098612478796e+03
-1.823528029032766426e+03
-3.152862748102921614e+03
-3.507328526930086809e+03
-3.739423948054176435e+03
-3.184122047450390255e+03
-3.469412738995941709e+03
-2.186593391791999238e+03
-3.759998880626218579e+03
2.150880446864144233e+03
-2.385494972713432617e+03
-3.863501881058529307e+03
-4.394211041050365566e+03
-2.455789252884893358e+03
-3.590484506526789573e+03
-3.005220671748122641e+03
-4.136014338626782774e+03
-2.773789454056104091e+02
-3.279750129784665205e+03
-2.953667176405339887e+03
-4.673051207981227890e+03
1.708311360314829926e+03
-4.766457328408492685e+03
-4.028412830214295354e+03
-2.485851205431555627e+03
