-4.592252876444960634e+02
-4.268041243280605954e+02
4.206965476413091487e+00
-2.139845962979931926e+02
-9.411555845116014325e+02
-2.935276029067254626e+02
2.012360578156888096e+03
1.038760992169181009e+03
-1.507251410697006122e+02
-4.941146997337889957e+02
3.371218128532996161e+03
-2.867378787306581103e+02
-1.017336667603441640e+02
-2.357552159500053222e+02
5.956668019253675084e+02
-6.979200591031111571e+02
-2.685740108092656442e+02
-1.031858445374141269e+02
5.000346687108870469e+02
5.882392193931594193e+03
1.616832304674302634e+02
-4.675309985991686403e+02
-2.336102147377532106e+02
2.655102143243919386e+02
3.995970464538608553e+02
-2.486745653454985927e+01
1.876834837587875199e+03
-1.751638914108715142e+02
-3.935051771732434389e+01
-1.338022933054865462e+03
-2.589658248487185688e+02
-3.532627737743592888e+02
-1.630951575828385955e+02
-5.268361758191244917e+02
-4.319754428954003629e+02
5.735396575305676379e+02
3.436826792278301923e+02
-2.108910820904821435e+02
-3.019091664798305032e+02
2.107863078922921432e+03
-4.039165135160690170e+02
-1.965606735306457722e+02
2.308910881115863958e+03
2.774959013787644722e+02
1.327783204810778216e+03
2.822104372377965774e+03
-3.669674221819611830e+02
8.313104417688066405e+02
-3.025550319065574172e+02
3.637757848159479295e+02
-9.488082161763711611e+02
4.826282578040689941e+02
-3.296542349092483164e+02
6.336343750773296506e+02
-2.128310205301612541e+02
6.889738468488629223e+03
-9.720350178126832361e+02
1.187657862615905287e+03
1.534461077135587459e+02
4.810725366065991011e+02
-1.073314302199312067e+02
-3.805567380394877546e+02
1.424012841348013353e+03
7.986833526913960668e+01
1.746344893672683611e+03
5.313585305157665317e+01
-8.702236415391391802e+02
-4.748797760872756157e+02
-5.837439035771978979e+02
-3.912961526752544046e+02
3.515108968343720335e+02
1.265964907919647885e+03
4.157797983338966219e+02
9.483446944337347304e+02
-1.172370222254722023e+02
3.232834188266626256e+02
-4.065914683916118406e+02
2.905570784003579092e+02
2.230075818657882337e+03
1.869425586602588055e+03
2.310563730424185280e+02
-3.271259146014610337e+02
-3.953810083245351166e+02
-1.124703553789359205e+02
-1.495716770542669565e+03
1.004961463991217840e+02
-4.022981794961293645e+01
-3.629260428856116505e+01
-2.520045491775085793e+02
1.121328601165046166e+03
4.018622473505299695e+02
7.727503574110307909e+02
-1.506893214874815840e+03
-4.272172665686929918e+02
-1.828936906559817430e+02
4.396694178772398118e+03
-1.145491845584327393e+03
3.771782461392118648e+02
7.343630438749826226e+02
1.129065828132225846e+01
-6.834502023739898959e+02
5.768406198113456185e+02
-8.464775743817041302e+02
1.939993022827740958e+02
-3.023143000194226033e+02
4.864332235713118848e+02
4.748246609137567020e+02
2.723759730063270581e+03
8.584955146722935524e+02
-5.922299688111543219e+02
-1.288435109128402928e+03
3.113971175640683100e+02
-7.342458640395896055e+02
-3.607461821910146114e+02
2.815220462396732728e+03
-3.519831866776102061e+02
1.210431726345542756e+03
9.052255716992209500e+02
-5.144336386202550102e+02
-1.012064216901068676e+03
1.068197461047522211e+03
5.804405049499765568e+01
2.506727141067952118e+02
6.410938820664894592e+03
-7.203275973589278465e+02
2.654602244479850697e+02
-4.810312798821926208e+02
2.839431601433986998e+02
-1.903914211901915507e+02
9.343973625894802808e+02
-3.172470618161462426e+02
-5.868164480846578499e+02
2.352757856468973387e+03
7.606505671504696409e+01
6.257319374400857441e+02
-6.827459672462042306e+01
-2.929988656553938995e+02
8.883506310885560424e+02
-6.588271625162726650e+02
-1.074107097399062241e+02
-4.017550064435997115e+02
-2.831388040598855582e+02
-1.775393653131947360e+02
-9.229517146670058025e+01
4.584620509152419743e+01
-2.195873205325114554e+02
2.802470111799792903e+03
4.088212023173391117e+03
9.897632627806011442e+03
-5.665964839939131252e+02
1.416085508543499373e+03
-5.528419517763338717e+02
3.290465238579388938e+02
3.360228164481665090e+02
4.121063884242995528e+02
8.518224276360966769e+02
-1.078230255208607559e+03
3.691715620953599597e+01
-2.630939468236486078e+01
-3.118257432259796360e+02
5.642851912709079443e+02
-5.812746255993320119e+02
1.036101372645723359e+03
-6.565025344821569888e+02
1.290597366787507099e+03
5.146494240847138144e+02
5.334565246041095179e+02
-1.108435615509036552e+03
-7.846862628675735323e+02
6.623774668253205391e+02
-7.423188342335082552e+02
1.507094086029115488e+03
-3.510310134725039006e+02
-5.308156420976065419e+02
6.007344008631443103e+03
-5.723723734025545582e+02
-2.950304324745253552e+02
5.514568564151278451e+01
-6.492431186252831594e+02
-2.828839588237196381e+02
2.215742178722322535e+02
6.704728000402689759e+03
-5.856499563631084584e+02
-4.168192333412831090e+02
-7.688258218306391427e+02
-3.627517619611276132e+02
5.818149854237149157e+02
-1.896431274853730201e+03
-2.671164234697025108e+02
1.523007089655224263e+03
-3.332252761208422953e+02
5.338772028862993011e+02
7.783753547019690586e+02
2.638749509059859122e+01
1.127821423320651411e+04
-3.395422248371986598e+02
8.118806994481590209e+02
2.420326555630379062e+02
-2.806821807827766690e+01
-7.483973044449427903e+01
-3.262557403879573030e+02
-7.584730713759146283e+02
2.197590828911650078e+03
1.275556719052972454e+02
-1.282440988085264735e+02
5.837072105731538159e+02
-4.990089797200631665e+02
-1.175959968470870081e+02
-7.302950244775001920e+02
1.664226213997376135e+03
-3.560353824545217662e+02
4.964539577826823802e+02
-4.678234275458881939e+02
9.554251558979193533e+02
1.804280394096855844e+03
2.470146750759028862e+02
-5.888070003633484930e+02
5.341253048996869666e+02
5.998617508976574300e+02
5.535543149759026846e+02
1.185681245768265626e+03
2.725691622868297145e+03
-1.324116026681778521e+03
-2.395842492438948739e+02
4.621026865847677072e+03
2.318178150448131419e+03
5.636208291275589772e+02
1.739898937035410654e+03
2.270107482655620970e+03
1.203308403850984632e+03
1.587315368321615381e+02
6.731663737659541766e+03
-3.512545285335237395e+02
1.814972797636022051e+03
1.173167616894859066e+03
5.827446667672003286e+02
-8.967023363274495296e+02
1.579749556629060407e+03
4.324998093747732355e+02
2.951088269467516625e+02
-4.684099227392431430e+02
1.460513561544728645e+03
-3.908277217042549978e+02
2.128739091561189070e+03
9.834936317408565998e+00
-4.238452815813613483e+02
4.710003740228221432e+03
-3.707077977802237569e+02
-5.697339312280644208e+02
2.081882291198675830e+03
1.289290937233396335e+03
9.255279069463354972e+03
5.079713733779581730e+02
-6.546253983894312114e+02
-3.763011409801370633e+02
-3.346228312416201902e+02
6.003531830285041906e+02
2.217182926120447632e+02
2.321835731514012764e+02
3.209288026120518680e+03
-3.603399939341459799e+02
1.297912921534058796e+03
-5.472518006059241316e+02
-2.259181252085432732e+02
-5.778576359999487266e+00
-1.152691972694110092e+02
7.015174394331615986e+03
3.927102593970713770e+03
1.130013610590399003e+04
1.896140213709880527e+03
-4.727852507838835550e+01
-1.783731953657961355e+01
-4.459754337352119933e+02
1.442838874362761317e+03
1.187274814263763801e+03
-6.322720220946284826e+02
7.868634547646339342e+03
-4.092208125105474892e+02
1.460138106022568309e+03
5.299764165903981848e+03
4.130481872384736562e+03
-2.416047380999274310e+02
-1.172979798191700866e+03
2.984574895489925893e+03
-6.389349054481317580e+02
1.539685168806734737e+03
-6.398849898963656813e+01
-3.232954943352297050e+02
8.529962794861323346e+03
2.825757608395728766e+03
4.689945255360408964e+02
2.638117504148151056e+03
9.734615010040155880e+01
7.837498369757344108e+01
-7.391783405388492838e+02
1.956414549046832008e+03
-9.679200915719381726e+01
1.127205674046163404e+04
5.294839235734483509e+02
-2.504180146268261922e+02
4.447239716739801224e+03
1.362083593377917055e+02
3.938248543233603414e+03
1.570406830829141711e+02
-2.289645807422348014e+02
6.456288401161816182e+03
-5.613906067944850520e+02
2.998017711473517011e+03
3.552723102696588739e+03
6.356089755398393208e+02
-2.511576267527971140e+02
-3.445626795362340999e+02
-3.226052368369702208e+02
-3.384160073908519166e+02
1.350942448828703164e+03
-2.749344747278190084e+02
-3.617008567157579932e+02
1.289138070419610358e+03
9.311187772722485079e+02
-9.947920857243818205e+01
-5.064955813151833581e+02
-4.984817447645486936e+02
1.555055209874907689e+02
-5.366352574681073975e+02
-2.920631878429746475e+00
-2.238075564566834998e+02
3.703791485321534765e+03
8.009078908144095294e+03
-2.059436151944316009e+02
1.618613901130346733e+02
7.114710621644098865e+02
-4.645938378084580336e+02
1.279589016228692799e+03
7.474736591698423354e+02
4.934139817334452346e+03
1.135963987135121670e+03
-4.955605254788867455e+02
3.911265153367820631e+02
5.633397093460472206e+03
1.414513359778834001e+03
-4.315551179817053935e+02
-4.950750147481628574e+02
-3.125137945632814080e+02
-2.743971346152659407e+01
-3.685636551336283873e+01
6.802348599128228670e+03
1.565386724046735708e+03
-5.805689988033356030e+02
4.495965381474113087e+02
3.241262878175295100e+03
-2.988203056738153123e+02
1.356349202128759543e+03
2.508967485730881435e+03
3.060521580433979125e+03
3.061938446297411701e+03
-2.202417729518857641e+02
3.450954601980050029e+03
4.143226642188787991e+03
-2.693042939558498006e+02
-6.573933953585885774e+02
-1.557978675548486365e+02
-6.169350548635211453e+02
-2.823514862721046939e+02
2.760404423485233565e+02
1.167412305674856952e+03
-4.634103258229226867e+02
1.896022193206246129e+03
-1.472820586898366741e+02
2.240905692921969603e+03
8.532584743075892675e+02
1.531728587664978932e+03
-1.980291136550419537e+02
-7.966476831351621968e+02
1.765425016600651986e+02
2.441626466291229008e+03
-8.964887410546570834e+01
4.050045821315160993e+03
9.531613002373671861e+02
-4.798273540261977814e+02
1.406072443556117264e+02
-1.414462153411361101e+02
-4.045847578095431345e+02
-1.628591122174290717e+02
-2.926182145320836980e+02
1.033260352741627003e+03
3.695180026588049259e+03
2.282565424988216023e+02
-6.086352086171159499e+02
4.480779099406803425e+02
3.110410365545296258e+02
2.487449725347256390e+03
-4.992569410493084803e+01
2.284898079889325345e+03
5.146421823517350276e+03
2.717527595298710366e+03
-4.823632287474942615e+01
-1.675857204121731741e+02
1.097329074532782442e+03
-5.647470981913185142e+02
3.493672536368596866e+03
-5.356446741950790056e+02
-1.064787822734926522e+03
-8.010093556472267551e+01
1.040532184413052619e+02
6.469223193337369366e+02
7.201250561681952149e+02
1.806020676367153783e+03
-1.198540288959858771e+02
9.093066008620404546e+02
1.611740626135384218e+03
2.821899468119576795e+03
2.528450631308699030e+03
-7.064429751900134988e+02
1.521629717234338159e+03
-5.454124622719484705e+02
1.977979713135202246e+03
1.470179018141499938e+01
2.672954511729246860e+03
1.615026731503166275e+03
-4.661345956337465282e+02
-4.546762392699511679e+02
7.506484984006225204e+03
-2.604338020264523266e+02
-3.315707881961604926e+02
5.483690192452862675e+02
1.306008486792360600e+03
-2.315805206434124557e+02
7.003027819713785902e+03
-1.220502144370920803e+02
-5.696046460317783158e+02
1.957075792495995529e+03
9.966374034453414424e+03
1.255215082557767801e+02
-3.761554085973795054e+02
1.662031669092844481e+02
3.223453498207729808e+03
3.124095996091872394e+02
-2.233914242013783991e+01
1.037824179905539722e+03
-2.672143153013585248e+01
1.332321549567260206e+02
2.418968086198852689e+03
2.661375069998089202e+03
4.248601475016511358e+03
9.284859210887703966e+02
9.524280966844146405e+02
4.017638824500999362e+03
3.232712425192124783e+01
1.135956021946020201e+03
-1.239346626531438687e+03
-4.773688380450581690e+02
-7.329904059084783512e+02
1.730040609435894567e+03
-6.200010583338570314e+02
5.046871926055401900e+02
9.372890400480755488e+02
-3.621254099828557287e+02
1.019284962036032084e+03
6.125270441168249818e+03
-1.835229187652138307e+02
3.335360698921183484e+03
-2.985363021586452987e+02
1.055435561419579926e+03
6.023278547394941143e+02
-7.934344445194356013e+02
1.014173798957621875e+04
-4.863504873186349187e+02
2.743610240750052526e+03
-8.743433986914160982e+01
8.082429836680431663e+02
-9.547473205462690657e+02
-3.381005584204671095e+02
-3.561358852401136801e+02
-6.043324701248433257e+02
4.670923342819250138e+03
5.247934259415092129e+02
-1.869775579880327143e+02
-2.933951730788292025e+02
1.712155936621384171e+03
-2.614492297110291474e+02
8.963032656746990767e+01
-8.605650203934446836e+02
3.558905402323081830e+02
1.213544063523803061e+03
-5.905498239907008156e+02
3.119594230186224195e+03
1.473627622063636636e+03
7.569549427975444814e+03
-8.847416873969322637e+01
4.951942424435841531e+03
3.389808317963716036e+03
-1.717103978457317055e+02
1.106009022464245163e+03
-3.681724026877807887e+02
-5.274114040324735697e+02
-4.970725087385217762e+02
6.100433637176043931e+02
-1.047424539100638412e+03
8.850358260696289108e+02
1.306594025896820540e+03
3.705801934627958417e+03
1.666378686535947281e+03
1.692918385691178173e+03
3.688570910462660777e+03
-2.925413324556029693e+02
1.129784050266533995e+03
3.473725591182083576e+02
6.357209265312499156e+02
-8.409768970497534610e+02
6.558851782297456339e+02
2.327018037795980035e+03
9.730972764293592263e+02
1.437243514516268306e+02
3.952710427568951673e+03
8.755277390085622073e+02
-4.499021332697420235e+02
3.283105950056335132e+03
1.160474326709336674e+04
1.140858808464072172e+04
2.210942240715554817e+03
2.527317680625430967e+03
1.339621852889766842e+03
3.363660103809731936e+03
3.624257135258840776e+02
4.235104143415310318e+02
-5.456369760280689434e+02
-1.840166365361542091e+02
-8.027029189323573632e+01
-1.100675690296143330e+02
-2.506028942928915910e+02
1.486081881712671247e+03
-4.883679289846497795e+02
-4.143094330840341968e+02
3.158534503644377764e+03
4.649028923064634910e+03
2.452554044943172812e+03
4.445038441155163014e+02
2.573373388321384027e+03
2.219761350054669492e+03
6.076898061472174959e+03
9.749919433735689154e+02
2.206871384993120046e+03
-2.312071123355676150e+02
3.407686093274695054e+02
6.081192739842664423e+02
1.753798024580504205e+02
9.962489917366351619e+02
-2.248460015275302339e+02
2.580880430070103557e+03
1.933624986100947808e+03
7.778897438491751927e+03
1.351831449828725454e+03
4.074991043403645676e+02
-4.606249504704659330e+02
6.578888588445621508e+02
1.007166969174786686e+03
-7.268194977833328494e+02
2.698761839960698126e+03
1.426337064788426687e+03
4.405413219214377932e+03
-2.324445096131265984e+02
-2.673216664085385901e+02
6.211611477421814925e+03
3.901506049514677215e+03
2.375801948002396330e+03
1.970338891891092601e+02
6.599870905623934050e+02
3.380481373694020931e+03
3.088320247075719180e+03
2.298791436225069447e+03
5.236554629340081419e+02
2.185503637420008545e+03
1.974322896996610780e+03
5.401044390281096639e+03
2.223003028733706287e+03
2.608011279940313329e+02
1.993554015510963382e+03
-2.412165109507318164e+02
5.997095703374694722e+02
-3.950434782766382114e+02
3.027254097948884009e+03
-9.895000061669479408e+01
3.107432190540094439e+02
1.064971853371199018e+02
2.085509939689124622e+03
1.281866829285108977e+00
6.803573852640925907e+03
5.813384886294125863e+03
-3.851728314522085839e+02
5.863917615195937287e+03
4.710477089696473740e+03
6.417134551469541748e+02
3.040017505687208995e+03
1.260516250696448992e+02
3.016297677726810889e+03
1.249545970615183478e+03
3.890889860796708945e+03
-4.071347573372884199e+02
1.317207321259255332e+04
1.784855998571984514e+02
1.430737865579041454e+03
-2.314514066667803434e+02
-5.163236344530121187e+02
1.422149305096382705e+03
2.429078941149575712e+03
3.973824590382441784e+02
8.314696613774685829e+03
1.910626917733347909e+03
-9.546072207015629374e+01
7.220951299541660546e+02
2.584301968838680295e+03
6.545066263723847442e+02
9.570194851431458574e+02
7.479549042978570469e+03
3.035340854038914586e+03
5.952083740066905193e+03
1.139454187194104861e+03
-2.589017117097116056e+02
1.007447512753754495e+03
-2.707364353533126291e+02
1.855911642127835194e+03
6.253817702094780543e+03
5.441397613530555645e+03
3.574075112698833891e+03
3.873530741785835289e+03
-7.189315488886011281e+02
1.087364236734159704e+03
1.014832901670976025e+04
-1.379094466106891730e+02
3.772028142951624886e+03
1.652643387167915535e+03
8.428963775828318603e+02
-5.599645121193477735e+02
1.830234705356765289e+03
6.486693994266767049e+02
1.786428127920364659e+03
2.116850480466338013e+03
1.003266557731475245e+03
6.741593508024481707e+03
2.339441732249155393e+03
-2.365483731378526215e+02
1.150129804292104745e+04
-4.766309955742696616e+02
6.920480672148223675e+02
2.996327878305104605e+03
-7.664960165097323852e+02
2.007561971596380090e+03
1.918961422804907670e+03
5.838833184616029257e+02
9.424315943432502536e+03
-1.415501945265253312e+02
1.035423562532976803e+03
1.250615219045856247e+04
-1.566218218184721991e+03
1.808419163303160076e+03
3.941576221503422630e+02
1.032611048594669910e+03
-8.797623755278384579e+02
1.708001132360317342e+03
3.223769985709208868e+03
2.751093550857729497e+03
6.288525527579109621e+03
7.421134067104505448e+03
1.606827322759493836e+04
2.311748474509203788e+03
3.664172208542053795e+03
2.401968225479673947e+03
2.158113115596258922e+03
1.356038281721776912e+03
7.969151778977514368e+03
8.306993089168514416e+03
5.353706195536230553e+03
1.745758179015680525e+03
9.532544759719241483e+03
4.262262761993911795e+02
-2.837023187761536747e+02
3.050902111209424220e+03
3.138128867876006552e+03
7.868592332203456863e+02
3.841506480257142357e+03
4.545096963272117137e+03
5.843605727935639152e+03
2.063526775381275513e+02
6.171827097229970605e+03
1.209733982521137250e+03
1.299112875991680539e+03
3.358752411908661202e+02
1.000442521665163326e+03
3.340800171277203845e+03
1.925656322056909403e+03
5.401230723570568443e+03
1.763161785872651080e+03
-4.644614187036092972e+02
-6.810199175717571052e+02
5.502123514342539465e+02
6.283851919346432624e+03
8.616955485241747681e+01
1.213720795985018185e+03
7.554101265409792177e+03
7.934635423237144096e+03
1.339834743043151138e+04
3.463724837510167617e+03
1.672810648396287206e+03
3.551933827643733821e+03
3.897956367435416269e+03
4.231751581972789609e+03
-3.581193547692901689e+02
6.009502551581197167e+02
-1.508142537529861897e+02
1.650876796321928850e+03
9.635561526767911346e+03
-8.142137111711491571e+01
-2.307279215730862916e+02
4.931294944401162184e+02
4.969590273607731433e+03
1.744241871948920016e+04
5.764468659814676357e+03
2.206830146119627443e+03
1.969097924525056214e+03
6.038768989651443917e+03
4.491062755246647384e+02
-8.609981571092374679e+02
2.501620416713465147e+03
2.775852424049339788e+03
2.165624874801906117e+03
1.751695935165481160e+03
5.848558111378250032e+03
1.194048359111210630e+04
6.165148078579026105e+02
1.173999069140795655e+04
7.671774841050286113e+02
-2.762005145914258719e+02
9.446166578419411962e+03
4.366616704847735491e+03
1.414922706298433150e+04
9.709654099337385560e+02
-4.402272768330913095e+02
6.610889648252409643e+02
6.234864234846685576e+03
4.467728826836776534e+03
6.250628733349241884e+03
4.853369235786201898e+03
3.612686171682705208e+03
3.258445106329007103e+03
3.864274579272238498e+03
2.239250219533603376e+04
5.219567133450723304e+02
1.101253864606917432e+02
7.593544906915975844e+03
3.084533593284303151e+03
3.539954198541622645e+03
2.471300112447708671e+03
-2.953486765292446421e+02
1.111014963826152598e+04
6.799880126889179337e+02
9.745228960458078291e+03
-6.268007471730713860e+02
5.393874998739493094e+03
-1.239188837774197509e+02
3.528561900364609755e+03
7.770238986235454831e+03
8.056689021904512629e+03
7.928744775697497289e+02
6.657441786767661142e+03
-6.145077094958550106e+02
9.229341918808546325e+03
3.202821470769014923e+03
-2.274949526929632952e+02
1.764003642728613613e+03
9.894479484889849118e+03
3.330288629135189694e+03
-5.027893589541928066e+01
-2.650233585724573118e+02
5.395097036400897196e+03
1.443639144528610814e+02
6.022612855691667164e+02
9.514212372814929495e+02
2.800391307259011683e+03
3.034467617185131985e+03
8.502857087193514189e+02
1.255720430122454309e+04
4.179742722100835636e+03
2.696700337095083341e+03
5.487820768380741356e+03
4.831881274856929849e+03
2.479561302003239689e+03
8.429515985130190529e+03
1.319128682132936547e+03
2.724640127443668916e+03
1.239448756190642143e+03
-5.580057180218368558e+02
7.378227501458745792e+03
-3.379325387700351939e+02
-4.699296965284564749e+02
1.173282410968301701e+04
4.851411997253437221e+03
5.121174008652398015e+02
-7.034530683971147447e-01
4.819762079542396350e+03
-1.705595893148970674e+02
8.195159146676925275e+02
6.896828997098865329e+03
2.080096573578827247e+03
-3.708881849724693893e+02
1.219100734260722902e+03
-2.612316634916980433e+02
3.319509386562732743e+03
1.201496753615479975e+03
5.093407629299212203e+03
4.394731605045797664e+02
2.061364660595428631e+03
3.040937099003081585e+03
1.087725430644678636e+04
6.235263961101283030e+02
2.565699792089587390e+03
3.476392499900947314e+03
-7.406835309687539848e+01
3.595435594708915687e+03
-3.415157942300398872e+02
4.101953297763145201e+03
1.595049609703617932e+02
5.040679997885307785e+03
2.190330708623593637e+03
2.923832770317687846e+03
1.402609534549579848e+02
7.890218472726676282e+02
3.477279768682528811e+03
-4.013132100969931457e+02
2.934000196734794827e+03
3.434563274270697093e+02
-7.120276573448908266e+02
7.466653440323600535e+02
1.004273726423749031e+04
5.442067090525049025e+03
1.403445485811907929e+03
1.482513369223167956e+03
6.082090260944685269e+02
-1.972909990874724429e+01
1.666126169291967744e+04
-2.768707558821560610e+02
1.078034133577655666e+03
2.134028234645102202e+03
3.642760587505247713e+03
6.624849224963679262e+03
6.933091571776670207e+03
6.645698059330411525e+03
4.392016913575658691e+03
2.933431292239500181e+03
6.050740734393103594e+03
1.855656698950511554e+03
2.143226954888357795e+03
-3.157132251995656702e+01
6.163486360096077306e+02
7.057766973862039777e+03
1.218531438865887321e+04
1.297153663303551411e+03
4.387970555155851798e+03
-2.564612829346298213e+02
4.255541020835396012e+03
4.772001666469653003e+01
9.480100949107362567e+02
9.906242261843666711e+03
1.735572273575108738e+03
8.349284261290145878e+03
-3.987533974988194245e+02
2.797811439972851076e+03
9.943301564741258289e+02
3.555281575685600728e+03
1.570780167558278322e+02
7.850996113872332899e+03
1.212003618599619949e+04
6.763126270821763683e+03
2.795242449103373929e+03
1.620033140675987488e+04
4.270921080601629910e+03
7.031683237439563072e+01
1.167325463574869173e+04
1.711379588272490537e+03
1.835575753019367085e+03
5.225412613839586811e+03
1.132924323446723292e+03
4.769235519083707004e+03
5.162019514230136338e+03
7.428493622327943740e+03
5.443643843580920475e+03
7.167156490726003994e+02
2.910293180411961657e+03
1.115929499259411159e+03
1.367308268980555795e+03
3.114738543348734311e+03
7.337895597147996796e+02
1.200518301541135088e+03
1.245174224662936467e+03
4.706775759507125258e+03
-1.144792513357314419e+03
1.110649118879507341e+03
1.996868661240024949e+03
2.477389937785065740e+03
4.327322566429174913e+02
5.817812306096417160e+03
1.281627996752541003e+04
2.612238493366726743e+03
3.137723217866740470e+03
-4.824729526137641642e+02
5.590869928625152170e+03
2.017649164643999393e+04
2.668461050112468001e+03
4.323473167741013640e+03
2.445147006798108123e+03
6.355682351407713213e+03
1.003609930858575353e+04
5.423463938836328452e+03
8.854792003668873804e+03
1.413787820635500611e+04
-3.364685842261415587e+02
1.005854358416513264e+03
3.353617085564984791e+03
-3.908559737214757206e+02
7.581246162049349550e+03
-2.573169487305694361e+02
-9.951642970490029256e+02
4.768809030474239421e+02
1.225801125016317019e+04
1.384187667152333233e+03
6.167643002878775178e+02
3.888140628333584118e+03
5.895192788859817483e+03
1.073960399976129884e+04
5.901547006610360313e+02
4.706702993843049626e+03
7.005369931796905121e+02
6.644461711191941504e+03
6.213291381727327462e+03
4.847293154593506188e+03
-2.341318661359495081e+02
3.102197800159570306e+03
6.787041875447217535e+03
8.012651028966558442e+03
2.044448168779751541e+03
6.491456492660649019e+03
5.332869436418303849e+03
1.385117628010198678e+04
5.488217159856182661e+03
6.626649636934502041e+01
2.556442302272218512e+03
3.019297159600250325e+03
7.901485618104006790e+03
2.882519751677789372e+03
7.009085123073233262e+03
2.847915057791241907e+03
4.684954989391113486e+03
7.291315338350814272e+03
-5.782649172976019827e+02
3.282775149976707780e+03
1.041446548958226458e+03
-2.278678435498369481e+02
5.567360019437808660e+03
-6.277300707234278434e+02
8.254624464997655195e+02
5.111814234000934448e+03
2.272841866417281835e+03
1.665215605801829724e+03
3.711614519182421191e+03
4.501065426308658743e+02
1.375323899588996710e+02
9.907525968195535825e+03
1.740830715958799919e+04
8.257286404184176718e+03
6.014342028692999520e+03
6.540847450991410369e+03
3.690037582972688142e+03
7.736887003638507849e+03
-5.185970721480858856e+02
1.206537342284534316e+04
1.387815418359648220e+03
9.885000275055448583e+03
1.400890953395007637e+04
3.314893071356797918e+03
-1.413671856165334759e+02
7.972154535063104959e+03
2.737621621783004230e+03
2.569559079371677853e+03
7.673918040676973760e+03
1.433571241237866047e+02
-3.061547630502138873e+02
4.938943990258427448e+02
1.256669852601693492e+04
2.301337402582720188e+03
2.547921198091083170e+03
1.339783531394559077e+03
-3.155850044847671825e+02
8.519074641712106313e+03
9.977466798112171091e+03
-5.592415162382450688e+01
8.264078202013891428e+01
1.636069997598003511e+03
1.757130764667282619e+03
6.493301314760945388e+03
9.415913617286527369e+03
-3.567745158984052978e+02
6.155277249952789134e+03
5.696883978995742837e+03
9.054677575866724510e+03
4.631476435094923545e+03
8.534816859097953056e+03
1.779210297329927243e+03
2.110981946862623954e+04
4.335713241295472471e+03
1.150960269289645765e+02
1.602734675792768257e+03
1.006535472540109549e+04
3.800687612783380246e+03
4.134216283422983906e+03
5.947243655700626732e+03
5.151967566082994381e+03
1.471019028299272122e+03
9.017023747310388444e+02
9.155361185607662264e+03
4.886755584757926044e+03
9.707502627922060128e+03
2.388728761338996264e+03
9.604112128225677225e+03
5.644334895138392767e+02
2.196695129132926013e+03
-3.031247649095715246e+02
9.607410291317120937e+03
1.011052404004234450e+04
1.230724614836978617e+04
5.286432908957939617e+03
5.763185775701086641e+03
1.275740830552833359e+03
5.394442395689824480e+03
1.375844223583388157e+04
8.931102839197290450e+03
2.130690070111698788e+03
1.278104604686151106e+03
-3.155917917353028201e+02
9.724819739005386509e+03
7.309210885548161059e+03
3.662887785794616320e+03
3.013481373405573322e+03
1.311495504197958326e+03
2.294114333241399436e+03
1.322382620419435398e+03
1.280225105878098839e+04
5.981539521120746940e+03
8.044291443182863759e+02
1.542502799907950430e+04
2.415378149476279305e+03
7.421386999318178823e+03
5.248373152337326246e+03
1.552025254873837184e+04
1.783222413019837040e+04
5.430080993319992331e+02
1.417768956172454637e+04
9.991148801996348993e+03
1.597233631420460824e+03
1.395038390750521103e+04
3.764279661321183539e+03
-7.009402495993482489e+02
1.845019282166899075e+03
1.934437098900628143e+03
4.295910219479355874e+02
-4.188222145096920599e+02
2.041352636182516653e+04
1.029304610304533298e+03
5.740633483458616865e+03
1.217679862667236921e+04
3.782373474691660704e+03
5.728576372780911470e+02
1.841392253391127724e+03
4.258909673972498240e+03
6.241466480415140268e+02
1.375232419405458677e+04
7.934270240815721991e+03
5.637332985911031756e+03
6.785748547963165038e+03
2.352531455882717273e+04
3.053089048965506663e+03
3.738214147603102333e+02
1.486934615665399542e+04
8.421510902522642255e+02
6.190555577945775440e+03
3.262612327952953819e+03
4.093854457220309087e+03
3.707689236247305871e+03
6.347147985999121374e+03
1.880213496573578959e+04
3.998994136642904778e+03
-3.584031951751262568e+01
-9.862850931872394540e+02
1.319410773488764062e+04
-3.545417688780884760e+02
9.077939444789205936e+01
4.710116032909755631e+03
8.395127791792225253e+03
3.169459951539296071e+03
1.117469649293168732e+04
1.335665018558483825e+04
6.612348736228218513e+03
-1.548753411747152029e+02
7.450047332261017800e+03
5.200983096780069900e+03
3.740308971686659333e+03
1.726475565132003112e+03
5.891312081670627776e+03
2.647736699908509763e+03
1.202044375249504265e+04
4.140328702986194912e+03
2.091571986573429604e+04
2.695130352348752695e+03
1.697529849701041940e+03
2.488405307366574107e+03
8.179566867271203591e+03
9.721011282826237220e+03
1.332812350826353850e+03
2.124721961319109141e+03
1.542561589235223801e+04
2.125278497449202769e+04
1.423248365259300590e+04
3.931474912661416056e+03
1.535369310931817779e+02
2.854085166259114885e+03
5.532287126668607016e+03
1.095211352573500881e+04
2.680319812530132850e+01
5.035858696934651562e+03
3.246076453703375591e+03
9.797720439215139550e+02
1.155139907897577132e+03
7.853148611246619112e+03
4.969972891874350353e+03
1.282113482339838265e+04
6.137543907798726650e+03
3.769609164939378388e+03
-3.322064599834525893e+02
1.009193479272825607e+04
9.247581050539135958e+02
6.043947454484585251e+03
9.670176062235564132e+02
7.673969319196675315e+03
7.747316209769186571e+03
2.922667191438051304e+03
4.568685235361534069e+03
1.867809792746558060e+03
4.473516907685107981e+03
1.165693679480518404e+04
9.701039487084115535e+03
1.098987317870942570e+04
1.265308636758419379e+04
5.444654488444361959e+03
6.043534820307722839e+02
3.036457349802115914e+03
4.688079242721975788e+03
5.361640408344345587e+02
1.253683809772866425e+03
6.867379339201155744e+03
8.385132281586774070e+02
7.263570129125823769e+03
1.001925108104773699e+03
3.323942439758253840e+03
1.411649435827145908e+03
4.471517856336814475e+03
5.257351127203720353e+03
-2.836832101285223189e+02
1.819095124633097657e+04
4.751415180243261602e+03
3.069821691943187034e+03
3.508322538606506441e+03
5.106309815885579155e+03
5.842692817690505763e+03
1.354003366398489106e+03
1.145890990496171980e+04
4.795499260392802171e+03
1.348580242292529510e+04
7.847702660823845690e+03
7.671617286407853499e+03
5.360421577993013670e+03
1.755664758285021662e+03
1.645148014752555355e+03
2.455315939237303246e+04
7.072734334714685929e+02
6.638523129004962584e+02
2.813602249595928697e+03
2.197594424776786582e+03
2.107764368965747053e+04
8.274617845698785459e+03
6.201910547954716094e+03
4.230367429972106947e+03
5.716780063537330534e+03
8.425194524004762570e+03
3.019824515666152365e+03
3.406464166360177387e+03
2.645560326205078127e+03
1.336595164787154863e+04
2.889824888485394695e+03
5.184493488671008890e+03
3.516769746836172999e+03
2.161768560647593858e+03
7.935973214123447178e+03
7.229092990816202473e+03
5.274866307569576747e+03
3.864296888925332041e+03
8.280227352930876805e+03
2.081335482738461906e+03
2.491597352529357522e+03
7.195835480938632145e+02
7.970331344266131964e+03
6.028512299083184189e+03
8.648069289806768211e+03
4.856822089684924322e+03
7.237105503736113860e+03
3.608012710653745671e+03
5.377330268390532183e+03
1.013442279374108875e+04
3.311778305346298112e+03
1.049346904591466000e+03
4.027455807939686110e+03
8.913946735786617865e+03
8.269456727370403541e+02
6.633164475393823523e+03
1.804743665326977862e+04
6.757482938363276844e+03
1.732627929177554688e+04
1.196193363002598380e+04
9.193833753232109302e+03
7.193699960052801543e+03
6.208199161834581901e+03
6.218895908676750878e+03
3.342800588386672644e+03
3.675917163943490323e+03
4.901963302063571064e+03
2.685880084230171178e+03
1.090797067074660663e+04
9.373630624845414786e+03
3.760002439874967877e+03
1.172871614735036746e+04
3.079493678776115303e+03
2.785388479253542300e+03
6.447949229807639313e+03
8.738497703339640793e+03
6.366982471474402701e+03
1.341744617191845691e+03
3.521591376236779070e+02
2.611448457701523694e+03
-3.463056736194495500e+00
3.232716130401497594e+03
-1.220641827912585740e+02
3.450026840079631711e+03
1.397111781802275800e+03
6.102143055267846648e+03
2.959209256500141237e+03
5.447178589069505506e+03
3.822620340856817620e+03
1.085731137841149939e+04
2.079023724198444143e+03
1.963870524474454578e+04
1.650312647930405001e+04
5.696399809043423375e+03
1.779538374132948229e+04
3.867480857896747239e+03
1.035542767173295033e+04
4.025286409427154922e+03
1.352783090085698177e+03
5.073767948184312445e+03
8.230876629263277209e+03
4.132436305505550990e+03
6.792889247903114665e+03
2.894377440839869450e+03
1.419860967456869218e+02
3.988668757032204212e+03
2.124061775152289556e+03
4.327009778774708138e+03
1.212710634383677416e+03
3.363813242491950859e+03
1.503217980791321315e+04
2.799684939156335986e+03
7.023851045388304556e+03
1.619116534662451886e+04
6.585005936894528531e+03
-1.806982980907208400e+02
3.463894503418668592e+03
7.694482202965434226e+03
9.337647775109441000e+02
4.094329530321217135e+03
-8.897396841815145763e+01
3.809537848010199923e+03
2.369734262586217665e+04
8.180514878093957122e+03
2.821897847214619560e+03
1.344802716401807265e+04
1.805239467762807544e+04
4.221534896481424767e+03
8.230311365931967885e+03
-3.703118213881655265e+02
1.502846412652752406e+03
6.012450673473224015e+03
8.019951007064639271e+03
4.849255830886243530e+03
1.355055813373654019e+04
4.017566825827462708e+03
5.688617416899239288e+03
5.615172272865807827e+03
2.170364827726988733e+04
1.899251475690315146e+03
6.434421958584300228e+03
4.184671280256427053e+03
1.069212467235599206e+03
1.169607924021057443e+03
5.601018792120855323e+03
1.417598432247994970e+04
2.181794002686460487e+02
3.181517392864117937e+03
1.804972397515979083e+03
3.569424540655545570e+03
2.818951201962624964e+03
7.074848939463756324e+03
1.086556746406369712e+04
6.877884258757718271e+03
3.143429475185497267e+03
2.120933581887987020e+04
1.503602489639624991e+03
3.302755616157171517e+03
2.008664422286438275e+04
1.153696382866424938e+04
3.696546189075750590e+03
4.420226736880643330e+03
1.671314319774100170e+02
1.613920209717007992e+03
4.826968972512527216e+03
1.638502763669574779e+04
3.165173503249133864e+04
8.536582525077506943e+03
9.373827079367070837e+03
3.334286955461923753e+03
1.021267076045512295e+04
3.568682560293609640e+03
5.866714307144483428e+03
2.771406780762907601e+03
7.225906409114465532e+03
3.719189839758095331e+03
4.428892845053308520e+03
7.930375037258028897e+03
6.289815504899306688e+03
4.007973314112689877e+03
1.585023499310627631e+04
1.565323702524775581e+04
4.314265105970557670e+03
5.346120525714853102e+03
1.793284724299040363e+03
4.147020019717382638e+03
8.453593078101876017e+03
1.499493787357131623e+04
1.963354379299172433e+04
3.777849419429137924e+03
3.780738100311026301e+03
5.202596484032555054e+03
1.570438497998789558e+02
1.820181560062898279e+04
6.008387116381509259e+02
9.851765915434514227e+02
1.192437279149590904e+04
1.187230517610847710e+04
2.968244397049656527e+03
2.455580338120356373e+03
7.201642021560903231e+03
7.879771170117434849e+03
9.826487247218274206e+03
2.790273499272911067e+03
1.948199927394620318e+04
1.110336295290494490e+04
9.131266682297311490e+03
7.093297826590358454e+03
8.196322030914034258e+03
7.740561341724664089e+03
4.680583973698520822e+03
8.254552415643267977e+02
6.811434873978027099e+03
6.422084266645683783e+03
3.108750125465138808e+03
2.077963604904559543e+04
3.567824851069510260e+03
1.638165027584179006e+04
4.660634992903342209e+03
5.560476156538800751e+03
2.450610425996049798e+03
1.566839352295710341e+03
5.228536935034769158e+03
2.282624067616480170e+04
5.604385974556673318e+03
1.176715232658696732e+04
1.226993095535668908e+04
1.582944907562943627e+04
1.059768544275335080e+04
8.566060838403383968e+03
1.346918782973354064e+04
6.005513954978488982e+03
7.393055365983242154e+03
4.017117051051367980e+03
5.068571614372791373e+03
2.432530393404495953e+03
6.133702116403793298e+03
9.771898597912062542e+03
4.844042886066883511e+03
8.944173652166135071e+03
8.148524317896920365e+03
4.465461791873192851e+03
1.717496739160262950e+04
3.664217863155004579e+03
1.075435681099951034e+04
7.850706326492243534e+03
4.955865164970259684e+03
1.702573103397868181e+04
2.250482902483673024e+04
-3.399664826907727502e+02
5.985764963979438107e+03
1.797484646637116748e+04
8.433216691822981375e+03
2.460637440667356350e+04
1.442554803346448352e+03
8.107579698881607328e+03
3.682867607415393650e+03
2.420154532597149228e+03
1.850060210123845900e+04
1.045870810276478369e+04
1.301686743827754356e+02
1.583522670725620992e+04
6.398321145153375255e+03
-8.032338307901333110e+02
1.383908951547395918e+04
2.238838778187529897e+04
1.134287009032244532e+04
2.737826258181403318e+03
2.281735383809975247e+04
7.559061576741749377e+03
8.646136379581641449e+03
6.955670723483533948e+03
-5.312622071024318302e+02
1.237214645396790547e+04
4.643225268785755361e+03
-3.977046307729469277e+01
6.649480220078475213e+03
7.815587374732133867e+03
1.049020260495026378e+04
2.346719860737792987e+04
1.985575104270640804e+04
4.127713948878347310e+02
1.317867244024936554e+04
6.278144107882990284e+03
5.193697771614126395e+03
1.652303755210319650e+04
1.574143258993288509e+04
2.179798362736931085e+04
1.734181116890173143e+04
2.507525659320724117e+03
7.886189065311333252e+03
2.395661442303680815e+03
2.853532837091716374e+03
6.148405775155676565e+03
1.846200743372600982e+03
5.702731557273940780e+03
6.287766780642522463e+03
6.532426759461434813e+03
1.282622132752373545e+03
4.748100124953133673e+03
2.203099401084119381e+04
1.073005704962614618e+04
7.641074121905672655e+03
2.337384825947773606e+03
4.386234323197089907e+03
3.229757013705890131e+03
6.036687009290508286e+02
3.780233699041416457e+03
7.003692328696288314e+03
1.146225426606242218e+04
3.574897310126641514e+03
8.052080783565995262e+03
3.695214204247705311e+03
1.556096602816909035e+04
4.239368249074628693e+03
9.010067017208322795e+03
2.548480916469271688e+04
2.611827238579111963e+03
8.224664498342342995e+03
2.023449819513075636e+04
7.791289989100245293e+03
1.114520760089517898e+04
2.219382931113082304e+04
2.865767551689190805e+04
7.776160513625318345e+03
1.309538345542493744e+03
7.191618263755030057e+03
5.904795173494078426e+02
4.069761710981784745e+03
1.623810799305906221e+04
1.496565253466192553e+04
2.129681980951013247e+04
2.890131772258951241e+04
1.078678952203357767e+04
1.399574941340044097e+04
