-4.592252876444960634e+02
-4.268041243280605954e+02
4.206965476413091487e+00
-2.139845962979931926e+02
-9.411555845116014325e+02
-2.935276029067254626e+02
2.012360578156888096e+03
1.038760992169181009e+03
-1.507251410697006122e+02
-4.941146997337889957e+02
3.371218128532996161e+03
-2.867378787306581103e+02
-1.017336667603441640e+02
-2.357552159500053222e+02
5.956668019253675084e+02
-6.979200591031111571e+02
-2.685740108092656442e+02
-1.031858445374141269e+02
5.000346687108870469e+02
5.882392193931594193e+03
1.616832304674302634e+02
-4.675309985991686403e+02
-2.336102147377532106e+02
2.655102143243919386e+02
3.995970464538608553e+02
-2.486745653454985927e+01
1.876834837587875199e+03
-1.751638914108715142e+02
-3.935051771732434389e+01
-1.338022933054865462e+03
-2.589658248487185688e+02
-3.532627737743592888e+02
-1.630951575828385955e+02
-5.268361758191244917e+02
-4.319754428954003629e+02
5.735396575305676379e+02
3.436826792278301923e+02
-2.108910820904821435e+02
-3.019091664798305032e+02
2.107863078922921432e+03
-4.039165135160690170e+02
-1.965606735306457722e+02
2.308910881115863958e+03
2.774959013787644722e+02
1.327783204810778216e+03
2.822104372377965774e+03
-3.669674221819611830e+02
8.313104417688066405e+02
-3.025550319065574172e+02
3.637757848159479295e+02
-9.488082161763711611e+02
4.826282578040689941e+02
-3.296542349092483164e+02
6.336343750773296506e+02
-2.128310205301612541e+02
6.889738468488629223e+03
-9.720350178126832361e+02
1.187657862615905287e+03
1.534461077135587459e+02
4.810725366065991011e+02
-1.073314302199312067e+02
-3.805567380394877546e+02
1.424012841348013353e+03
7.986833526913960668e+01
1.746344893672683611e+03
5.313585305157665317e+01
-8.702236415391391802e+02
-4.748797760872756157e+02
-5.837439035771978979e+02
-3.912961526752544046e+02
3.515108968343720335e+02
1.265964907919647885e+03
4.157797983338966219e+02
9.483446944337347304e+02
-1.172370222254722023e+02
3.232834188266626256e+02
-4.065914683916118406e+02
2.905570784003579092e+02
2.230075818657882337e+03
1.869425586602588055e+03
2.310563730424185280e+02
-3.271259146014610337e+02
-3.953810083245351166e+02
-1.124703553789359205e+02
-1.495716770542669565e+03
1.004961463991217840e+02
-4.022981794961293645e+01
-3.629260428856116505e+01
-2.520045491775085793e+02
1.121328601165046166e+03
4.018622473505299695e+02
7.727503574110307909e+02
-1.506893214874815840e+03
-4.272172665686929918e+02
-1.828936906559817430e+02
4.396694178772398118e+03
-1.145491845584327393e+03
3.771782461392118648e+02
7.343630438749826226e+02
1.129065828132225846e+01
-6.834502023739898959e+02
5.768406198113456185e+02
-8.464775743817041302e+02
1.939993022827740958e+02
-3.023143000194226033e+02
4.864332235713118848e+02
4.748246609137567020e+02
2.723759730063270581e+03
8.584955146722935524e+02
-5.922299688111543219e+02
-1.288435109128402928e+03
3.113971175640683100e+02
-7.342458640395896055e+02
-3.607461821910146114e+02
2.815220462396732728e+03
-3.519831866776102061e+02
1.210431726345542756e+03
9.052255716992209500e+02
-5.144336386202550102e+02
-1.012064216901068676e+03
1.068197461047522211e+03
5.804405049499765568e+01
2.506727141067952118e+02
6.410938820664894592e+03
-7.203275973589278465e+02
2.654602244479850697e+02
-4.810312798821926208e+02
2.839431601433986998e+02
-1.903914211901915507e+02
9.343973625894802808e+02
-3.172470618161462426e+02
-5.868164480846578499e+02
2.352757856468973387e+03
7.606505671504696409e+01
6.257319374400857441e+02
-6.827459672462042306e+01
-2.929988656553938995e+02
8.883506310885560424e+02
-6.588271625162726650e+02
-1.074107097399062241e+02
-4.017550064435997115e+02
-2.831388040598855582e+02
-1.775393653131947360e+02
-9.229517146670058025e+01
4.584620509152419743e+01
-2.195873205325114554e+02
2.802470111799792903e+03
4.088212023173391117e+03
9.897632627806011442e+03
-5.665964839939131252e+02
1.416085508543499373e+03
-5.528419517763338717e+02
3.290465238579388938e+02
3.360228164481665090e+02
4.121063884242995528e+02
8.518224276360966769e+02
-1.078230255208607559e+03
3.691715620953599597e+01
-2.630939468236486078e+01
-3.118257432259796360e+02
5.642851912709079443e+02
-5.812746255993320119e+02
1.036101372645723359e+03
-6.565025344821569888e+02
1.290597366787507099e+03
5.146494240847138144e+02
5.334565246041095179e+02
-1.108435615509036552e+03
-7.846862628675735323e+02
6.623774668253205391e+02
-7.423188342335082552e+02
1.507094086029115488e+03
-3.510310134725039006e+02
-5.308156420976065419e+02
6.007344008631443103e+03
-5.723723734025545582e+02
-2.950304324745253552e+02
5.514568564151278451e+01
-6.492431186252831594e+02
-2.828839588237196381e+02
2.215742178722322535e+02
6.704728000402689759e+03
-5.856499563631084584e+02
-4.168192333412831090e+02
-7.688258218306391427e+02
-3.627517619611276132e+02
5.818149854237149157e+02
-1.896431274853730201e+03
-2.671164234697025108e+02
1.523007089655224263e+03
-3.332252761208422953e+02
5.338772028862993011e+02
7.783753547019690586e+02
2.638749509059859122e+01
1.127821423320651411e+04
-3.395422248371986598e+02
8.118806994481590209e+02
2.420326555630379062e+02
-2.806821807827766690e+01
-7.483973044449427903e+01
-3.262557403879573030e+02
-7.584730713759146283e+02
2.197590828911650078e+03
1.275556719052972454e+02
-1.282440988085264735e+02
5.837072105731538159e+02
-4.990089797200631665e+02
-1.175959968470870081e+02
-7.302950244775001920e+02
1.664226213997376135e+03
-3.560353824545217662e+02
4.964539577826823802e+02
-4.678234275458881939e+02
9.554251558979193533e+02
1.804280394096855844e+03
2.470146750759028862e+02
-5.888070003633484930e+02
5.341253048996869666e+02
5.998617508976574300e+02
5.535543149759026846e+02
1.185681245768265626e+03
2.725691622868297145e+03
-1.324116026681778521e+03
-2.395842492438948739e+02
4.621026865847677072e+03
2.318178150448131419e+03
5.636208291275589772e+02
1.739898937035410654e+03
2.270107482655620970e+03
1.203308403850984632e+03
1.587315368321615381e+02
6.731663737659541766e+03
-3.512545285335237395e+02
1.814972797636022051e+03
1.173167616894859066e+03
5.827446667672003286e+02
-8.967023363274495296e+02
1.579749556629060407e+03
4.324998093747732355e+02
2.951088269467516625e+02
-4.684099227392431430e+02
1.460513561544728645e+03
-3.908277217042549978e+02
2.128739091561189070e+03
9.834936317408565998e+00
-4.238452815813613483e+02
4.710003740228221432e+03
-3.707077977802237569e+02
-5.697339312280644208e+02
2.081882291198675830e+03
1.289290937233396335e+03
9.255279069463354972e+03
5.079713733779581730e+02
-6.546253983894312114e+02
-3.763011409801370633e+02
-3.346228312416201902e+02
6.003531830285041906e+02
2.217182926120447632e+02
2.321835731514012764e+02
3.209288026120518680e+03
-3.603399939341459799e+02
1.297912921534058796e+03
-5.472518006059241316e+02
-2.259181252085432732e+02
-5.778576359999487266e+00
-1.152691972694110092e+02
7.015174394331615986e+03
3.927102593970713770e+03
1.130013610590399003e+04
1.896140213709880527e+03
-4.727852507838835550e+01
-1.783731953657961355e+01
-4.459754337352119933e+02
1.442838874362761317e+03
1.187274814263763801e+03
-6.322720220946284826e+02
7.868634547646339342e+03
-4.092208125105474892e+02
1.460138106022568309e+03
5.299764165903981848e+03
4.130481872384736562e+03
-2.416047380999274310e+02
-1.172979798191700866e+03
2.984574895489925893e+03
-6.389349054481317580e+02
1.539685168806734737e+03
-6.398849898963656813e+01
-3.232954943352297050e+02
8.529962794861323346e+03
2.825757608395728766e+03
4.689945255360408964e+02
2.638117504148151056e+03
9.734615010040155880e+01
7.837498369757344108e+01
-7.391783405388492838e+02
1.956414549046832008e+03
-9.679200915719381726e+01
1.127205674046163404e+04
5.294839235734483509e+02
-2.504180146268261922e+02
4.447239716739801224e+03
1.362083593377917055e+02
3.938248543233603414e+03
1.570406830829141711e+02
-2.289645807422348014e+02
6.456288401161816182e+03
-5.613906067944850520e+02
2.998017711473517011e+03
3.552723102696588739e+03
6.356089755398393208e+02
-2.511576267527971140e+02
-3.445626795362340999e+02
-3.226052368369702208e+02
-3.384160073908519166e+02
1.350942448828703164e+03
-2.749344747278190084e+02
-3.617008567157579932e+02
1.289138070419610358e+03
9.311187772722485079e+02
-9.947920857243818205e+01
-5.064955813151833581e+02
-4.984817447645486936e+02
1.555055209874907689e+02
-5.366352574681073975e+02
-2.920631878429746475e+00
-2.238075564566834998e+02
3.703791485321534765e+03
8.009078908144095294e+03
-2.059436151944316009e+02
1.618613901130346733e+02
7.114710621644098865e+02
-4.645938378084580336e+02
1.279589016228692799e+03
7.474736591698423354e+02
4.934139817334452346e+03
1.135963987135121670e+03
-4.955605254788867455e+02
3.911265153367820631e+02
5.633397093460472206e+03
1.414513359778834001e+03
-4.315551179817053935e+02
-4.950750147481628574e+02
-3.125137945632814080e+02
-2.743971346152659407e+01
-3.685636551336283873e+01
6.802348599128228670e+03
1.565386724046735708e+03
-5.805689988033356030e+02
4.495965381474113087e+02
3.241262878175295100e+03
-2.988203056738153123e+02
1.356349202128759543e+03
2.508967485730881435e+03
3.060521580433979125e+03
3.061938446297411701e+03
-2.202417729518857641e+02
3.450954601980050029e+03
4.143226642188787991e+03
-2.693042939558498006e+02
-6.573933953585885774e+02
-1.557978675548486365e+02
-6.169350548635211453e+02
-2.823514862721046939e+02
2.760404423485233565e+02
1.167412305674856952e+03
-4.634103258229226867e+02
1.896022193206246129e+03
-1.472820586898366741e+02
2.240905692921969603e+03
8.532584743075892675e+02
1.531728587664978932e+03
-1.980291136550419537e+02
-7.966476831351621968e+02
1.765425016600651986e+02
2.441626466291229008e+03
-8.964887410546570834e+01
4.050045821315160993e+03
9.531613002373671861e+02
-4.798273540261977814e+02
1.406072443556117264e+02
-1.414462153411361101e+02
-4.045847578095431345e+02
-1.628591122174290717e+02
-2.926182145320836980e+02
1.033260352741627003e+03
3.695180026588049259e+03
2.282565424988216023e+02
-6.086352086171159499e+02
4.480779099406803425e+02
3.110410365545296258e+02
2.487449725347256390e+03
-4.992569410493084803e+01
2.284898079889325345e+03
5.146421823517350276e+03
2.717527595298710366e+03
-4.823632287474942615e+01
-1.675857204121731741e+02
1.097329074532782442e+03
-5.647470981913185142e+02
3.493672536368596866e+03
