-4.592252876444960634e+02
-4.268041243280605954e+02
4.206965476413091487e+00
-2.139845962979931926e+02
-9.411555845116014325e+02
-2.935276029067254626e+02
2.012360578156888096e+03
1.038760992169181009e+03
-1.507251410697006122e+02
-4.941146997337889957e+02
3.371218128532996161e+03
-2.867378787306581103e+02
-1.017336667603441640e+02
-2.357552159500053222e+02
5.956668019253675084e+02
-6.979200591031111571e+02
-2.685740108092656442e+02
-1.031858445374141269e+02
5.000346687108870469e+02
5.882392193931594193e+03
1.616832304674302634e+02
-4.675309985991686403e+02
-2.336102147377532106e+02
2.655102143243919386e+02
3.995970464538608553e+02
-2.486745653454985927e+01
1.876834837587875199e+03
-1.751638914108715142e+02
-3.935051771732434389e+01
-1.338022933054865462e+03
-2.589658248487185688e+02
-3.532627737743592888e+02
-1.630951575828385955e+02
-5.268361758191244917e+02
-4.319754428954003629e+02
5.735396575305676379e+02
3.436826792278301923e+02
-2.108910820904821435e+02
-3.019091664798305032e+02
2.107863078922921432e+03
-4.039165135160690170e+02
-1.965606735306457722e+02
2.308910881115863958e+03
2.774959013787644722e+02
1.327783204810778216e+03
2.822104372377965774e+03
-3.669674221819611830e+02
8.313104417688066405e+02
-3.025550319065574172e+02
3.637757848159479295e+02
-9.488082161763711611e+02
4.826282578040689941e+02
-3.296542349092483164e+02
6.336343750773296506e+02
-2.128310205301612541e+02
6.889738468488629223e+03
-9.720350178126832361e+02
1.187657862615905287e+03
1.534461077135587459e+02
4.810725366065991011e+02
-1.073314302199312067e+02
-3.805567380394877546e+02
1.424012841348013353e+03
7.986833526913960668e+01
1.746344893672683611e+03
5.313585305157665317e+01
-8.702236415391391802e+02
-4.748797760872756157e+02
-5.837439035771978979e+02
-3.912961526752544046e+02
3.515108968343720335e+02
1.265964907919647885e+03
4.157797983338966219e+02
9.483446944337347304e+02
-1.172370222254722023e+02
3.232834188266626256e+02
-4.065914683916118406e+02
2.905570784003579092e+02
2.230075818657882337e+03
1.869425586602588055e+03
2.310563730424185280e+02
-3.271259146014610337e+02
-3.953810083245351166e+02
-1.124703553789359205e+02
-1.495716770542669565e+03
1.004961463991217840e+02
-4.022981794961293645e+01
-3.629260428856116505e+01
-2.520045491775085793e+02
1.121328601165046166e+03
4.018622473505299695e+02
7.727503574110307909e+02
-1.506893214874815840e+03
-4.272172665686929918e+02
-1.828936906559817430e+02
4.396694178772398118e+03
-1.145491845584327393e+03
3.771782461392118648e+02
7.343630438749826226e+02
1.129065828132225846e+01
