-4.655151222739015680e+02
4.775133355645476513e+03
-8.284251959396206075e+02
-1.755070835955074529e+02
-1.200567986043542533e+03
2.874234673049962112e+03
-3.154241622700616858e+02
-2.444985245460988494e+02
-7.020570088388851673e+02
2.328711819965988070e+03
1.652553352278123384e+03
-1.033193213973784452e+02
-2.059095745934820627e+02
-2.736177270984389764e+01
4.132974873479354756e+03
1.821938581491980074e+02
6.028126844242698098e+03
-1.794776956373394114e+03
-1.414370998121031562e+03
4.060721326961494015e+03
-2.583031325209533406e+02
2.995405253251196882e+02
-4.961605426619149739e+02
3.528787267138679340e+01
-1.179939565185487254e+03
-1.819096968020880638e+02
-4.376665614516270466e+02
-1.109323367283419657e+03
-2.172945211884172352e+02
8.432406912483853603e+02
5.939975824692022570e+02
-6.791961172797884956e+02
1.114749383132765104e+02
-1.399373428545379454e+02
-3.589626783178229061e+02
-5.926827829868586832e+02
-1.177936535912651905e+01
5.292964762924472097e+02
-6.465221822794435411e+02
-1.588363282925097565e+03
-1.354875213119017019e+02
2.553958860284754451e+02
-1.394076420705585129e+01
1.724639224958404384e+03
2.389574189996661175e+02
-1.780687114189007332e+02
1.440697728167492869e+03
-2.781694751108257151e+02
2.500219541140270849e+03
5.824134253697149688e+03
1.066791748258473945e+03
3.967279830053252226e+03
-1.580581139440388085e+02
-4.821665578386691209e+01
7.809803608322679338e+02
1.993234079550901242e+03
2.887589237189882624e+03
-1.179136935055975528e+03
-1.515988115230714470e+02
-5.568007344799179918e+02
-6.302219311145605616e+02
4.162443349702165506e+03
2.091004815651434910e+03
-2.121564792907302319e+02
-4.678693328378407728e+02
-4.682229270494467244e+01
-6.854678224362831997e+02
1.213226358932189299e+02
8.507753761073813621e+02
-6.286810699744062276e+02
-1.601787832155883677e+02
2.888646567981978933e+03
4.635393316582212719e+03
7.691191364458126145e+02
-5.199207667285281786e+02
-6.148424445460324250e+02
4.186505380779148254e+03
5.815930006497908380e+02
-1.578610944040118227e+02
-1.013313836602667152e+03
2.834914857093808678e+03
-1.452557209110000940e+03
3.282066288508281104e+03
-8.641290944359511741e+02
-4.568535061811236346e+02
2.267031223533376192e+02
1.161357733444946916e+03
-3.047199027190372931e+02
-6.676670720160335577e+02
-3.579104976947746763e+02
-7.575064600502265648e+02
-4.408046740163237018e+02
1.624874538460722135e+02
-1.476142576736576302e+03
3.211048349459782003e+03
6.598028028009988475e+02
1.967933691792259879e+03
-7.738702818783357316e+02
1.955705046924200360e+03
-3.560439900976994920e+01
-8.438547958321611020e+01
-1.891529190234418820e+02
-5.501653334345066924e+02
1.250667214240793101e+03
-5.756506209972018695e+01
8.941700263411289598e+02
3.665082143460455200e+02
4.487478684419936144e+03
1.099122880081743006e+03
3.772835439823429169e+03
-8.618631881915257509e+02
1.961260773839823059e+02
-2.533413827724006637e+02
-3.271892125539485505e+02
3.103021475472040947e+03
-1.002155707073517647e+03
6.891994754305615061e+03
-1.353063865973100974e+03
9.004291710910906659e+02
-4.641493726727312605e+02
1.450470868397235336e+02
3.458214312621058752e+02
4.818040318735244796e+02
6.287388453040017566e+02
-3.024445433318394407e+02
-5.206148690143514841e+02
-5.601750349631713561e+02
-3.600361947834776402e+02
-1.050394637263678305e+03
-1.723734583345148621e+03
3.050668278771603127e+03
7.513984350894525051e+02
-4.267583969441715226e+02
2.231800058966209235e+03
4.303744536597941988e+03
-8.113208841914855611e+02
-5.618846559468231590e+02
-7.531739418974038927e+02
-4.307377313443464573e+01
-6.023083423936310510e+02
-1.529223093552445107e+03
3.802007005093017597e+03
2.880330834670061790e+02
3.827692532416775180e+02
-1.499296669132362240e+03
-3.031186112044317724e+02
1.368203268997779332e+03
4.788029395919106435e+01
-1.112859094270424748e+03
1.282513930679604073e+03
-1.187364121697139012e+02
3.846848561552624091e+01
-1.644749497808653018e+02
-4.152533355948420990e+02
-5.543522306788966034e+02
-8.109260927147438451e+02
-3.520246522015070241e+02
-6.443169425918067645e+02
6.355196023811087798e+03
4.186318081939000990e+02
4.022222780404957120e+03
4.472603548388373440e+01
-1.713660921617766064e+02
1.028600393263226920e+02
-3.278604369006806678e+02
6.225036872461949997e+02
3.116499689033080855e+01
2.864661940537687315e+03
7.829184390137992295e+02
-5.482013532415751342e+02
5.288895091547067295e+02
9.423113987897751258e+02
1.411270630292088754e+03
3.264977401322311835e+03
-2.298070875411013390e+02
5.119737540483945850e+03
3.336179051006834584e+02
2.064822162009772001e+03
1.170138069566150989e+03
-1.158401173220343708e+03
-9.297240017023041219e+02
5.087394537721136658e+03
-2.809929353174368316e+02
8.814897334905566595e+01
-4.204310027445301330e+02
-1.648797973266731333e+03
-6.563771927594415274e+02
-5.582975041245431385e+02
-6.236981836715111740e+02
4.312070642105279035e+02
1.955962511023920740e+02
-4.426605024783219733e+02
-2.284115977171741179e+02
1.932602736956159220e+02
5.156876101645168546e+02
-2.739874291636318162e+02
1.533767728194288082e+01
-3.336053576721080844e+02
-4.115749369430805018e+02
-3.222137556394487206e+02
