-4.655151222739015680e+02
4.775133355645476513e+03
-8.284251959396206075e+02
-1.755070835955074529e+02
-1.200567986043542533e+03
2.874234673049962112e+03
-3.154241622700616858e+02
-2.444985245460988494e+02
-7.020570088388851673e+02
2.328711819965988070e+03
1.652553352278123384e+03
-1.033193213973784452e+02
-2.059095745934820627e+02
-2.736177270984389764e+01
4.132974873479354756e+03
1.821938581491980074e+02
6.028126844242698098e+03
-1.794776956373394114e+03
-1.414370998121031562e+03
4.060721326961494015e+03
-2.583031325209533406e+02
2.995405253251196882e+02
-4.961605426619149739e+02
3.528787267138679340e+01
-1.179939565185487254e+03
-1.819096968020880638e+02
-4.376665614516270466e+02
-1.109323367283419657e+03
-2.172945211884172352e+02
8.432406912483853603e+02
5.939975824692022570e+02
-6.791961172797884956e+02
1.114749383132765104e+02
-1.399373428545379454e+02
-3.589626783178229061e+02
-5.926827829868586832e+02
-1.177936535912651905e+01
5.292964762924472097e+02
-6.465221822794435411e+02
-1.588363282925097565e+03
-1.354875213119017019e+02
2.553958860284754451e+02
-1.394076420705585129e+01
1.724639224958404384e+03
2.389574189996661175e+02
-1.780687114189007332e+02
1.440697728167492869e+03
-2.781694751108257151e+02
2.500219541140270849e+03
5.824134253697149688e+03
1.066791748258473945e+03
3.967279830053252226e+03
-1.580581139440388085e+02
-4.821665578386691209e+01
7.809803608322679338e+02
1.993234079550901242e+03
2.887589237189882624e+03
-1.179136935055975528e+03
-1.515988115230714470e+02
-5.568007344799179918e+02
-6.302219311145605616e+02
4.162443349702165506e+03
2.091004815651434910e+03
-2.121564792907302319e+02
-4.678693328378407728e+02
-4.682229270494467244e+01
-6.854678224362831997e+02
1.213226358932189299e+02
8.507753761073813621e+02
-6.286810699744062276e+02
-1.601787832155883677e+02
2.888646567981978933e+03
4.635393316582212719e+03
7.691191364458126145e+02
-5.199207667285281786e+02
-6.148424445460324250e+02
4.186505380779148254e+03
5.815930006497908380e+02
-1.578610944040118227e+02
-1.013313836602667152e+03
2.834914857093808678e+03
-1.452557209110000940e+03
3.282066288508281104e+03
-8.641290944359511741e+02
-4.568535061811236346e+02
2.267031223533376192e+02
1.161357733444946916e+03
-3.047199027190372931e+02
-6.676670720160335577e+02
-3.579104976947746763e+02
-7.575064600502265648e+02
-4.408046740163237018e+02
1.624874538460722135e+02
-1.476142576736576302e+03
3.211048349459782003e+03
6.598028028009988475e+02
1.967933691792259879e+03
-7.738702818783357316e+02
1.955705046924200360e+03
-3.560439900976994920e+01
