-4.655151222739015680e+02
4.775133355645476513e+03
-8.284251959396206075e+02
-1.755070835955074529e+02
-1.200567986043542533e+03
2.874234673049962112e+03
-3.154241622700616858e+02
-2.444985245460988494e+02
-7.020570088388851673e+02
2.328711819965988070e+03
1.652553352278123384e+03
-1.033193213973784452e+02
-2.059095745934820627e+02
-2.736177270984389764e+01
4.132974873479354756e+03
1.821938581491980074e+02
6.028126844242698098e+03
-1.794776956373394114e+03
-1.414370998121031562e+03
4.060721326961494015e+03
-2.583031325209533406e+02
2.995405253251196882e+02
-4.961605426619149739e+02
3.528787267138679340e+01
-1.179939565185487254e+03
-1.819096968020880638e+02
-4.376665614516270466e+02
-1.109323367283419657e+03
-2.172945211884172352e+02
8.432406912483853603e+02
5.939975824692022570e+02
-6.791961172797884956e+02
1.114749383132765104e+02
-1.399373428545379454e+02
-3.589626783178229061e+02
-5.926827829868586832e+02
-1.177936535912651905e+01
5.292964762924472097e+02
-6.465221822794435411e+02
-1.588363282925097565e+03
-1.354875213119017019e+02
2.553958860284754451e+02
-1.394076420705585129e+01
1.724639224958404384e+03
2.389574189996661175e+02
-1.780687114189007332e+02
1.440697728167492869e+03
-2.781694751108257151e+02
2.500219541140270849e+03
5.824134253697149688e+03
1.066791748258473945e+03
3.967279830053252226e+03
-1.580581139440388085e+02
-4.821665578386691209e+01
7.809803608322679338e+02
1.993234079550901242e+03
2.887589237189882624e+03
-1.179136935055975528e+03
-1.515988115230714470e+02
-5.568007344799179918e+02
-6.302219311145605616e+02
4.162443349702165506e+03
2.091004815651434910e+03
-2.121564792907302319e+02
-4.678693328378407728e+02
-4.682229270494467244e+01
-6.854678224362831997e+02
1.213226358932189299e+02
8.507753761073813621e+02
-6.286810699744062276e+02
-1.601787832155883677e+02
2.888646567981978933e+03
4.635393316582212719e+03
7.691191364458126145e+02
-5.199207667285281786e+02
-6.148424445460324250e+02
4.186505380779148254e+03
5.815930006497908380e+02
-1.578610944040118227e+02
-1.013313836602667152e+03
2.834914857093808678e+03
-1.452557209110000940e+03
3.282066288508281104e+03
-8.641290944359511741e+02
-4.568535061811236346e+02
2.267031223533376192e+02
1.161357733444946916e+03
-3.047199027190372931e+02
-6.676670720160335577e+02
-3.579104976947746763e+02
-7.575064600502265648e+02
-4.408046740163237018e+02
1.624874538460722135e+02
-1.476142576736576302e+03
3.211048349459782003e+03
6.598028028009988475e+02
1.967933691792259879e+03
-7.738702818783357316e+02
1.955705046924200360e+03
-3.560439900976994920e+01
-8.438547958321611020e+01
-1.891529190234418820e+02
-5.501653334345066924e+02
1.250667214240793101e+03
-5.756506209972018695e+01
8.941700263411289598e+02
3.665082143460455200e+02
4.487478684419936144e+03
1.099122880081743006e+03
3.772835439823429169e+03
-8.618631881915257509e+02
1.961260773839823059e+02
-2.533413827724006637e+02
-3.271892125539485505e+02
3.103021475472040947e+03
-1.002155707073517647e+03
6.891994754305615061e+03
-1.353063865973100974e+03
9.004291710910906659e+02
-4.641493726727312605e+02
1.450470868397235336e+02
3.458214312621058752e+02
4.818040318735244796e+02
6.287388453040017566e+02
-3.024445433318394407e+02
-5.206148690143514841e+02
-5.601750349631713561e+02
-3.600361947834776402e+02
-1.050394637263678305e+03
-1.723734583345148621e+03
3.050668278771603127e+03
7.513984350894525051e+02
-4.267583969441715226e+02
2.231800058966209235e+03
4.303744536597941988e+03
-8.113208841914855611e+02
-5.618846559468231590e+02
-7.531739418974038927e+02
-4.307377313443464573e+01
-6.023083423936310510e+02
-1.529223093552445107e+03
3.802007005093017597e+03
2.880330834670061790e+02
3.827692532416775180e+02
-1.499296669132362240e+03
-3.031186112044317724e+02
1.368203268997779332e+03
4.788029395919106435e+01
-1.112859094270424748e+03
1.282513930679604073e+03
-1.187364121697139012e+02
3.846848561552624091e+01
-1.644749497808653018e+02
-4.152533355948420990e+02
-5.543522306788966034e+02
-8.109260927147438451e+02
-3.520246522015070241e+02
-6.443169425918067645e+02
6.355196023811087798e+03
4.186318081939000990e+02
4.022222780404957120e+03
4.472603548388373440e+01
-1.713660921617766064e+02
1.028600393263226920e+02
-3.278604369006806678e+02
6.225036872461949997e+02
3.116499689033080855e+01
2.864661940537687315e+03
7.829184390137992295e+02
-5.482013532415751342e+02
5.288895091547067295e+02
9.423113987897751258e+02
1.411270630292088754e+03
3.264977401322311835e+03
-2.298070875411013390e+02
5.119737540483945850e+03
3.336179051006834584e+02
2.064822162009772001e+03
1.170138069566150989e+03
-1.158401173220343708e+03
-9.297240017023041219e+02
5.087394537721136658e+03
-2.809929353174368316e+02
8.814897334905566595e+01
-4.204310027445301330e+02
-1.648797973266731333e+03
-6.563771927594415274e+02
-5.582975041245431385e+02
-6.236981836715111740e+02
4.312070642105279035e+02
1.955962511023920740e+02
-4.426605024783219733e+02
-2.284115977171741179e+02
1.932602736956159220e+02
5.156876101645168546e+02
-2.739874291636318162e+02
1.533767728194288082e+01
-3.336053576721080844e+02
-4.115749369430805018e+02
-3.222137556394487206e+02
1.812113333573105137e+03
1.120818843313726802e+03
-1.339794089612957578e+03
-2.276269911001273272e+02
-3.930429507850780624e+02
9.726953134255497844e+02
-1.477856656062025991e+02
-1.466012559578254013e+03
9.053084541314822786e+01
2.233754298010130697e+03
-7.067176490119133803e+01
3.427556800265375841e+03
3.654775592370745017e+03
-2.093376776231485223e+02
-2.329569240693751340e+02
9.158243089870451286e+02
-3.138246364543296352e+01
-1.609232451818210166e+02
4.364134908933199313e+02
-1.050890403983986062e+03
6.195420465234659787e+03
-2.222098880628531390e+02
4.175446516569532207e+01
4.953815574327040849e+03
-5.128647876103678982e+02
1.319765965238275157e+03
1.371994124345506634e+03
-1.332176241366214526e+03
3.186259530581875879e+03
-4.285866374138923902e+02
-1.887418763952288714e+02
-3.506985380059780937e+02
-1.016424272381945684e+03
2.289672806085909542e+03
-5.528643147192981360e+02
4.109586685093480583e+02
3.185908673061047011e+03
-1.280995690975275920e+02
-1.320363271774822806e+03
2.690612175241012665e+02
-9.032554147997669816e+02
1.559649617708403639e+03
1.383277104310873710e+03
5.584635741231213615e+02
8.866620317213285034e+02
6.070141648789623332e+02
-4.593402754364369116e+02
-2.276036963464479701e+00
3.003207440304945521e+02
-1.699865667531755207e+03
-7.997698017554832859e+02
6.528408384025866553e+02
3.023580420049298709e+02
-4.125933876167806602e+02
-3.151808426875188474e+01
1.058061286408022852e+03
7.731056219095970619e+02
3.776969568905977326e+02
-7.492798467892292820e+02
4.329450706598711918e+02
1.854707875375914227e+03
6.277709426088049440e+02
5.650065242098969975e+03
-2.365336737420470570e+02
3.157248711761180289e+02
5.996251055152308709e+02
-5.540676754695266482e+02
2.030452714827843920e+03
-5.666981410654865385e+02
4.840709732009309505e+02
-1.495132548883036350e+02
1.864067453748337130e+03
-3.678326491855365816e+02
8.410632497501966398e+00
-2.862037636341542779e+01
-4.831193394709541735e+02
4.279859710170959261e+03
5.751285627240890790e+02
4.085783702294472164e+01
1.638574071526687348e+01
1.137833181995904852e+03
-5.828161299342765460e+02
-1.640776944768791452e+02
-1.074034041368875478e+03
-2.809764565854854936e+02
5.509985231947147440e+03
-3.684267839917982883e+02
4.250900974794360991e+03
-3.189046527944440186e+02
2.246970943613495820e+03
-8.781320224884768777e+01
1.585475592991004987e+02
2.141084122689816468e+03
1.466517395007150753e+03
2.016746596291386595e+03
3.249674116793175926e+03
-8.089178226645080940e+02
-5.208009156881175841e+02
2.407364827903898004e+03
1.310510345858859409e+03
-2.209079313328057196e+03
-3.850129353715581146e+02
-3.295599820750740037e+02
5.781494806257270511e+02
3.325936722920435841e+03
2.084001099089141007e+03
6.898553111038037059e+03
1.313150388728917733e+03
-4.497800152624660655e+02
7.049114826483860270e+03
4.262604751190952811e+03
-7.475395983752531492e+01
1.381126000698789085e+03
-1.501207722631312436e+03
-6.949874902998285506e+02
-7.174555131545049562e+02
-4.373629243770948847e+02
-5.085156097374987780e+02
1.923602673328023684e+03
-4.127790195928878347e+02
3.096146301580678184e+01
3.398589108666943048e+03
1.825638716228487056e+03
6.412361006173193800e+01
-6.781440262164561545e+02
-2.727559261901492391e+02
4.662225529583973184e+03
-3.802169360902650510e+02
2.974801525054854210e+03
-6.099107773721201653e+01
-8.764915060854514195e+02
-1.618665034453328417e+03
4.265103619422375232e+02
-1.116683169821607635e+03
-7.385880791771827489e+02
6.919327293513327959e+02
-3.577914160888059314e+02
3.772233810814172017e+01
2.794657987808698181e+03
1.917060981018355506e+03
1.724014560317951350e+02
3.569152095466671426e+02
1.275603513422653805e+03
-2.781990496620190925e+02
3.080356135695360081e+03
9.954005872486499129e+02
1.140764453102622156e+03
-1.284011417013607343e+03
-8.385510236977668228e+02
8.602867731610061810e+02
-3.706477120085082788e+02
1.310413218371474159e+03
-1.633513794916379993e+02
8.380816606024150133e+02
-3.957703402068336800e+02
3.069081744335250050e+02
2.396492277068940382e+02
5.000025010567076151e+02
2.742901175043014973e+03
5.964053178046866606e+02
-5.231430443521030611e+02
1.002122927358344214e+03
1.544203687688811442e+03
-8.122291885090702408e+02
3.166158556233777290e+03
5.452226022520430888e+03
3.146674910684275801e+02
-4.285886562599242779e+02
2.419956692621871753e+03
-6.004396239913695581e+02
5.152230118709555882e+02
-6.459878953705092499e+02
3.292781615245928606e+02
-9.040214172290434647e+01
1.431341546631524807e+03
3.857123208600669386e+02
9.119747823856056129e+03
-3.092072952455977202e+02
7.024404949922220567e+02
6.379004714957891053e+01
9.426274176857964449e+01
1.875249490328946820e+02
5.730428375988692096e+03
2.335925428156387625e+03
3.830659239240998431e+03
-1.181922393955527717e+01
-2.333831321580044857e+02
-1.552664690676410260e+02
1.896900783592277094e+03
-3.060569605947800937e+02
8.156769180334040357e+03
5.333870864459951918e+03
2.298050745069268032e+03
2.063254651696134658e+02
3.369824258518736769e+03
1.104992332759399687e+03
-2.612501944930565401e+02
-5.772226520071893674e+02
4.513261219457574043e+03
-1.201168881219431306e+01
9.053365384425924844e+01
1.413140567338064329e+03
-3.454380813201189540e+02
-2.482985965708230083e+02
-9.102727000346020532e+02
1.586378479488982066e+03
-6.483313597292111581e+02
1.985757768356559836e+03
1.900170186274373918e+03
-5.330456179384178768e+02
4.578041795861046921e+03
-4.394015619351061446e+02
-1.318572062655792365e+02
-8.881005517865025922e+02
7.947361012865042539e+03
-1.745018306729012920e+02
-4.419435262125429631e+02
-4.079056492648507515e+02
1.422566653431772750e+02
-2.861777613469194534e+02
7.650044917851448645e+02
1.987411732078340492e+03
-6.914313147504805102e+02
4.379986357551424021e+02
6.995469727264799076e+03
-3.386056364400072312e+02
-9.742946568683821340e+01
-3.321341942360728012e+02
-3.245392564103296991e+02
-1.206209319744188946e+02
4.467062163966072603e+02
-4.034467211327061875e+01
6.858218335788938020e+02
6.803013894210896524e+02
9.462600701041020557e+01
2.859124223167084438e+03
-2.191575479312749906e+02
7.117740430317830942e+02
-1.162409330303125330e+02
-4.037973457340439154e+02
-5.924842503047484570e+02
5.189299932452149733e+03
5.463957620633196122e+00
-3.737980053994037917e+02
-3.871372689434003291e+02
9.827061062589117455e+02
1.463366376452984809e+02
8.563427460882705873e+02
-1.246473278225314729e+01
6.341209839275668401e+02
-1.021583548186230317e+01
4.506182571483059860e+02
5.525557355277126135e+02
8.719171266473051674e+01
1.078186323753377110e+03
7.048101092796440525e+01
4.830633805847619300e+01
2.757729796580728816e+03
-6.237127466948006713e+02
-4.889447230848445543e+02
1.502372797829748095e+02
5.833938727429012033e+03
3.753160935411567152e+03
-7.080457468938509464e+02
-6.573237011772215510e+02
-1.083151574662901169e+02
4.040629569001033019e+02
1.697798795830609151e+03
-5.810128030869766462e+02
-1.874345681163747486e+02
7.101387904463936138e+02
-6.293464927518513150e+02
5.158844975591196089e+03
7.681180210275317677e+02
1.323917459712598088e+02
-5.294065741344659273e+02
4.504906595216682945e+03
3.289827313523930115e+03
-7.509798975945936945e+02
4.224832065932324667e+02
-4.429280719250320999e+02
3.194746604183451950e+02
7.226883899622763465e+02
-5.121200653115326986e+02
4.468350889194932734e+02
5.737234099211540297e+02
3.927931203466789157e+03
2.242113295366228613e+03
2.255394866898545274e+02
-4.891574153402036700e+02
-1.105602123502329448e+02
2.504242849547777496e+03
2.476062740946021677e+03
-2.584271009380267969e+02
1.047301055361429917e+03
-2.460778986465460889e+02
2.992019129577992089e+02
1.315633965276078357e+02
-5.101277555312041159e+02
-5.826071734128215240e+01
2.540147555779274740e+02
1.307504699927417505e+03
-8.627564293729236624e+02
-4.093500890752882810e+02
-7.565901814896205906e+02
1.719943294261465780e+03
3.399171843641684063e+02
-3.664133015606342383e+02
-7.249430801483063647e+01
1.088325085549595457e+02
7.072587150099323026e+02
3.376952109112100061e+03
-2.810577495390051581e+02
1.450256583982467191e+03
1.179350036119797096e+03
-3.224137450718536684e+02
4.059101658171254030e+02
-6.953736025136995522e+02
-4.378992857925167073e+02
-2.493638328481100928e+02
6.377458663721570247e+02
8.314541106844252454e+02
3.216046872503060854e+02
4.611283539156669349e+02
3.675083202857991296e+02
3.840436976145580843e+02
1.655639676151182130e+03
3.153907807942974983e+01
-2.893671148027962090e+02
1.658404449379130483e+02
-4.373461605500050950e+02
-3.651168531178726084e+02
-1.489496064427515876e+02
3.103323892555031307e+03
1.122689336230776462e+03
3.966727959454146003e+03
5.795435165047315422e+03
1.489734184827608487e+03
-8.197264758739286208e+02
5.918575715297683928e+02
1.299403227801821913e+03
-4.178240936259660998e+01
1.042379242467076210e+03
1.714054796770639939e+02
-1.134783595660493063e+02
7.355467906542369860e+01
-3.849049561160658186e+02
-7.870270820592395467e+02
-7.248015718006149655e+02
-6.675799519698587119e+02
2.518257161730441283e+02
1.217153019935037719e+03
-1.201932261354073539e+01
8.699969318826927065e+02
5.711978859220250797e+02
1.459384844425730080e+03
-6.212809282795655008e+02
1.467199965411864468e+03
1.287208093203726321e+03
7.676438794554675837e+01
-1.221132438636193172e+02
-4.740489816995148544e+02
2.076871736486190912e+03
9.011623469679987465e+03
-3.988252803159977020e+02
5.616248656343721450e+03
7.281096315278598013e+03
6.782114407693354678e+02
3.976656532149867473e+01
-6.260497671594511075e+02
1.146643976221208021e+02
-5.923647582706693129e+02
1.002240866109505987e+03
-7.499062925862684779e+02
-1.256007668757193017e+02
-3.163304322806482105e+02
2.162221759543270707e+02
2.429308686194338406e+03
-2.774991080979982030e+02
-5.805391248880039257e+02
1.422740344536948669e+03
1.096570679376057456e+02
-1.802918514130374206e+02
-3.057036318788778999e+02
-1.714237722100310179e+02
9.305708510463249468e+02
3.035894404160857718e+01
-1.447970776704418995e+03
-6.324938099337101676e+02
-1.154209767145815931e+03
-6.602521816793242806e+02
-2.591654050319160660e+02
2.975312700833222607e+03
2.358578917563881078e+03
6.036810127158786599e+03
-1.880202516166099258e+02
6.432705364584200652e+03
2.781449777199976324e+03
6.812488099643232999e+02
4.391811620357474339e+02
-4.506482968675275629e+02
-2.149922785448603690e+02
-4.927869162411143407e+02
-6.211228544269267360e+01
-4.015178873424293897e+02
-2.184634667294309622e+02
2.115567161318753733e+03
-1.300930720770018524e+03
-1.425878049280303017e+01
-4.236769960776410926e+02
2.907184712953153394e+03
1.480771249390425055e+03
1.398713167291656845e+01
-4.806828442072119287e+02
-7.187331723508057166e+02
-1.964939354847791009e+01
2.559465899078250004e+03
2.461246951625134443e+03
-2.511625069855553534e+02
6.993057741832467400e+02
1.181787566251336557e+03
-4.016497874406535971e+02
4.850476429949125077e+02
-5.640990995245498425e+02
4.415144235016128249e+01
-3.002355680511556102e+02
-7.392201001535486284e+02
-4.891773045431369837e+02
-3.071596227085202031e+02
3.913386197057080153e+03
2.181959877499402864e+03
6.955157992252120494e+02
1.596174232743666153e+02
-5.422548564965088644e+02
-1.188564412063035661e+03
-7.365106491434505642e+02
-3.044983828027220625e+02
-1.396160628764069429e+02
5.078351032267510163e+02
9.722599791414314723e+02
1.410537252636832136e+03
-3.899855388356413641e+02
7.207791048133338336e+03
-7.263505174146332592e+02
-4.776672476076719249e+02
3.094476321047331112e+03
-5.091109863143291818e+02
-3.134357514146532253e+02
4.733429206572770198e+01
5.715969852171348066e+03
-9.611770886636396654e+02
1.832694456450714995e+02
4.125962565668755815e+02
5.116583723085631391e+03
-6.410383786134073034e+02
9.910022561664540319e+00
-2.385370907673428462e+02
-1.206066895754292148e+02
-1.057523703126719639e+01
3.293757078650783569e+03
-1.327669771443155696e+03
-4.388559608505187271e+02
4.098157844210786038e+01
6.261284869997388114e+02
-5.343731349206188952e+02
1.575793025694345488e+03
-4.319253275505986380e+02
-6.353596061861109092e+02
2.828599395754010857e+03
-4.809741461470159720e+02
-3.182350715695216650e+02
2.316582162830144682e+02
1.523460467998873355e+03
3.316526393708656087e+03
1.786671590814591582e+03
-5.127314383993132196e+02
-2.045696444491515251e+02
1.540774996791394415e+03
2.689813046005593264e+02
-4.234869207332465066e+02
-3.263586842526306668e+02
-2.446315663682125603e+02
1.590633192942002324e+03
-4.685821298174710705e+02
-1.302792825608108842e+02
-4.120099772714077631e+02
-7.428961539252940156e+02
1.030592792688224336e+03
9.398028365870335676e+01
3.088022633376666022e+02
-3.258352359856866656e+02
3.573926548919312722e+02
3.681419493214689709e+01
4.715641813769281043e+00
-6.686205859907204285e+02
-2.499503297579948651e+02
2.847789585148303559e+03
-2.809540531047775289e+02
3.082930460844119125e+02
-6.789894095851741440e+01
1.520045128248475748e+03
6.522998017783869500e+02
-3.606311206291942426e+02
2.888966252851622585e+02
1.677568045011130380e+03
-4.831053960906783118e+02
1.324255959557954839e+03
-7.888540722194308046e+02
-3.383170537266771021e+02
2.524495902334897437e+03
1.095131138022864661e+03
2.979790964518056171e+02
-4.215027353333375117e+02
4.480873441453995270e+02
9.629110182167070207e+02
-1.425731719613326618e+02
3.942549669695478087e+02
3.049569520657189969e+03
7.428063692824700411e+03
2.927324839777768375e+02
-4.233812616731211733e+02
-4.891515847867398037e+01
1.591629543450902418e+02
-2.586455564627087256e+02
-4.196179553573595058e+02
-4.010524623342108725e+02
1.715245494952255854e+02
-2.203498915365444759e+02
1.039734824851383337e+03
-1.923869620918843850e+02
4.155874037889569081e+03
-3.583364995782926599e+02
6.976113709889018537e+02
-3.190472756524545161e+02
-7.708772711848970403e+02
-1.887993341727825793e+02
5.194062141748685235e+02
5.789387297602393119e+02
1.663828033320794020e+03
-4.706614474073894598e+02
2.005556386187890666e+03
-5.618775381935191717e+02
-3.638138199484985194e+02
-2.299155486213356312e+02
-5.696887688722732719e+02
-4.367314668295640558e+02
2.733263935010221758e+03
3.820534276894961181e+02
2.894231902299496895e+00
2.284943291544641966e+02
-5.979090142723168810e+02
-3.988278012207335337e+02
3.015444430450285381e+03
2.983108615408063997e+02
-3.746248335624398464e+02
4.134286475732905046e+02
-4.376841400837770379e+02
4.745959550378247513e+03
-2.819948821530958298e+02
-3.432644151734607476e+02
3.197000718749449334e+03
9.364013900002062201e+02
6.435438705033894621e+03
1.910135940242257220e+03
1.268655844783045495e+03
1.989542285170038440e+03
3.067361688927542218e+02
1.397341684868104323e+02
2.367564895815640966e+02
2.152225871756798369e+03
-7.307393597700393002e+02
-4.607339683482020405e+02
-1.002893256077200363e+03
-4.134669870942535681e+02
2.681464188270677482e+02
-1.947740739781755792e+02
-6.634508517514655068e+01
-3.478616521771364205e+02
-1.570817754375359527e+02
-2.032273158134898381e+02
3.246976087092248235e+02
1.279011575294656950e+03
-1.207192654661621191e+03
1.962775814380589736e+03
2.668661263419996885e+02
-9.075734207782961960e+01
1.728529545864537056e+02
7.749862252208737345e+02
8.188056462222220944e+02
-7.175383449172592236e+02
-1.572454190832664267e+02
-4.022979521455149552e+02
4.523868539362731553e+02
-7.573154482256778408e+01
2.958787936165776046e+03
2.252167855153352320e+03
3.589674914171493128e+03
3.677280471516542661e+02
1.289266757957985646e+03
1.010394751816539838e+03
5.986413915383975564e+02
7.766199664530827818e+01
6.710906519733853770e+01
-9.358423156781767602e+02
4.527737162048764503e+02
9.504653001700506820e+01
1.403525322468657350e+02
1.247415461955028832e+03
2.809140750951711198e+03
4.687623416654450011e+03
2.351699775978619300e+01
1.013165329003269449e+03
1.511812291096814818e+02
1.921648103231317748e+02
-2.202016118513098775e+02
1.496324112269429179e+03
-2.159912163561430702e+02
-2.008075972770052715e+02
-5.162760333667357600e+02
8.246792391228876795e+02
2.250134586852105301e+01
-4.671282796777128397e+02
-2.425923699117675199e+02
2.357011275411964561e+03
5.154547446854751342e+02
-7.878539010712329400e+02
-5.391653181977075064e+02
-3.312905651688457169e+02
7.335282343337883049e+02
-3.724638274779857738e+02
-4.531129662916627581e+02
7.137173348010557675e+03
-4.465215214529820287e+02
-2.098064443347973622e+02
-5.975143234114730149e+02
1.904254059945169502e+03
2.528428205325876206e+03
3.351847041154112503e+02
4.982691708287490542e+02
1.176099441960390095e+03
4.466267362631946526e+03
3.723128039526496735e+01
3.447256384619575442e+02
2.213645275829806906e+03
-6.961857426980617447e+02
-9.452839787320031064e+02
1.029675303508736988e+03
-2.638786002778614943e+02
7.437072478754207623e+02
8.314225328426073247e+02
1.916061004433429815e+01
5.815316400580887830e+02
-4.517170095781630721e+02
-3.326238822698912259e+02
-2.983141433204323221e+02
-3.367293109681668994e+01
2.035176650056521623e+02
-1.629770278366088405e+02
2.296679072570640017e+02
4.712645468458405048e+03
-2.896092374770749984e+02
-5.476831539516445702e+01
-2.278374900848963023e+02
2.391629877049872732e+02
-5.091694321272451020e+02
-1.610781857755982855e+02
-2.296870832764259376e+02
1.473356448808895891e+01
2.766091968584588017e+02
-4.526438107617258879e+02
3.281890564451672162e+03
-2.480520859477046542e+02
4.205388052870453066e+02
8.538193147108743553e-01
1.341340708541726556e+01
1.414601281716563335e+03
-2.427333070993449553e+02
1.202315302585967856e+03
8.561446021115518761e+02
-2.345479574476065068e+02
-1.479572975504854924e+02
-1.353312541728034830e+02
1.001206190331218693e+01
1.665341138162884590e+03
4.894053353895596388e+02
1.690477672148167812e+03
2.291944681792814208e+03
-8.515797542412505194e+00
1.665090031728178019e+03
1.921368825916763683e+02
-3.252640197285062982e+02
2.196274228910033628e+02
-1.618981691044326112e+02
1.601756754776177786e+03
-2.676336733339945795e+02
7.172030485741099710e+02
8.093915975070704008e+02
1.158651238833865307e+02
-3.669617105571780371e+02
2.218900255162789108e+03
1.612284948261557531e+02
7.751381863559316798e+02
-8.845431262794649285e+01
-3.840107836198928339e+02
-3.309474702045906724e+02
3.675050805345787921e+03
9.442139355476617766e+02
1.189430034704153059e+03
1.931897553744180414e+02
3.546812797283318105e+03
-7.242338772737923591e+02
-2.295663605154055631e+02
5.628105327059233787e+03
-5.300927628301180903e+02
-4.189062948158104973e+02
3.427584602638615252e+03
9.027694185544520451e+02
-7.647733366984809891e+02
-2.567715933438956881e+02
-3.931394102011974496e+02
-1.880355527711576613e+01
1.794158684668977230e+03
-1.552082147596535151e+02
3.991930676389051769e+02
6.617086958957425850e+03
4.077121838607904181e+01
-3.689621724083850154e+02
1.582248018457858279e+03
2.677792552689483614e+02
-2.818533493054351524e+00
-1.390704715105156311e+02
1.142109529370125756e+03
7.165011332736066834e+03
3.652424194765597804e+03
-2.813778435982424639e+02
1.168340771671334323e+03
-1.565941516030084983e+02
-3.926401626164098957e+02
3.063291499424175868e+02
-2.167963753574613577e+02
-6.507346422039372555e+02
2.353553169222403085e+03
2.704117404554105178e+03
-8.832108270606086080e+02
1.727012278583714533e+02
5.907111601621158115e+03
3.324339409606033769e+03
-2.074954828252409129e+02
2.859143960754445288e+03
2.600997542544385851e+03
5.399443941441061725e+03
-5.665454182909033989e+02
6.626502295174418578e+02
-2.098167614902103253e+02
3.907670837969244531e+02
1.387030239074925476e+03
-3.297409902208962080e+02
-5.620051303247644228e+02
-6.543485464573996069e+01
7.805599936655453348e+02
5.949293161257950260e+02
1.455509663185419640e+03
4.328577595855445566e+02
5.035968362017541949e+03
6.451854201830672537e+03
1.615073828192590554e+03
1.313174015098186146e+03
6.600204809702838702e+02
6.678329503702069587e+02
2.418746501983867802e+03
6.028373158055237582e+03
-5.563298580785897229e+02
8.278870538232634146e+01
-9.254439256546994557e+02
3.888961724360319181e+02
6.849099454108178975e+01
-1.290272783527399838e+02
4.281422995023673138e+03
3.243013870470945221e+02
2.713278701232804337e+02
1.541877907611764385e+03
5.185797390320139129e+03
3.054355856779189708e+03
4.464055843865666020e+02
3.997301712765254706e+03
-1.136477578251872416e+02
4.048893853724354699e+02
5.158258355311266996e+02
1.029343385407224105e+03
1.345600591189055649e+03
-3.556905754610510684e+01
-3.177040702114470605e+02
7.971784733271379082e+02
-7.248137842324086932e+02
-5.593499414943395323e+02
-3.642300000203318291e+02
1.188231621485113237e+03
5.149590911916918685e+02
1.084419411340708393e+03
-1.588455066570583973e+01
7.048982925409520703e+02
3.289671727815459235e+03
1.893074950588430056e+03
2.143428949673588704e+03
5.616594936402774465e+02
5.709419352085804888e+01
-1.617493014409908483e+02
1.799097154264184610e+03
5.269965940933766433e+02
2.542891124867440169e+02
-3.194421014245394304e+02
6.353944137619790126e+03
-4.962061111877134181e+02
-2.508366262014187669e+02
-3.034640961003181587e+02
6.554518155999022383e+03
4.218083156204983197e+02
-3.266391152650453478e+02
2.486583704493089954e+03
4.607962582943660891e+03
4.627560908919956091e+03
3.064274759151200669e+03
2.298147199212126452e+03
-2.495495773788788654e+02
-2.594832537705551090e+02
3.042035975206114017e+03
-3.304338485459814478e+02
-3.823253465857017659e+02
-1.707425105229876294e+02
1.681535324829156252e+03
1.125264736481467025e+03
9.550686547943853384e+02
4.541118921526184522e+02
-5.102817615695252016e+02
-1.862107483060221398e+02
1.304209692466738488e+02
3.273360568009922190e+03
-4.952146172062953156e+01
-5.968501114441169193e+02
1.231638822656800357e+03
6.063600024765906710e+03
-2.299086025780796092e+02
6.508692640327357140e+02
1.370900791892765938e+02
-5.477066793968568845e+02
4.654242772196901569e+03
1.864396983989358432e+03
-6.277738925783782520e+01
3.615771720320084114e+03
-1.833500428940494089e+02
-9.597842884826587806e+02
4.315265800568682607e+03
8.994486453101093275e+02
1.630721025517819101e+02
4.206648861045877311e+03
-3.383183009667712895e+02
2.638380107535192565e+03
3.332021171969088158e+01
-1.701265908689129844e+02
8.422250175240797887e+01
-4.156369006069152192e+02
4.667709131837685845e+02
-1.925685446435849144e+02
-4.343550230583043685e+02
-3.035011765975496090e+01
1.049895945707792464e+02
1.352490665871449437e+03
2.097735383630947126e+03
5.217158344741878864e+03
2.031819654754383691e+03
-3.269500766115539392e+01
3.006792921202393245e+02
-3.508503729693213558e+01
1.940452864725582003e+03
1.247083437889697421e+02
2.570482477735537685e+01
-3.620538580662917525e+02
1.533351754757316485e+03
-7.267974027660668526e+02
-3.201644449030454780e+02
-4.053428520033035625e+02
4.335305228466496374e+03
-2.810313902761758982e+02
1.556635824351835481e+03
-7.754350433189156320e+02
1.256965158569437108e+03
5.203349484908214436e+03
1.329797106160832755e+03
-2.991643799193147402e+01
3.000401454930922682e+02
2.170357988220914081e+02
1.123023727140522851e+03
1.279628883193691706e+02
7.249494106024287248e+03
9.672050112444517254e+02
-2.204919576717017833e+02
1.978104125825670963e+03
-7.195010725597699093e+02
2.315984319473060168e+03
3.784832585260112864e+03
4.323646523961795651e+02
-8.424303555536403110e+01
-3.010817623174614255e+02
2.986529408588900878e+03
-1.837623327380577010e+01
6.427183511977585113e+03
2.717680228816142971e+03
5.713277089577472907e+03
2.167371289324463305e+03
3.454771644459348408e+03
4.305031200193620862e+03
8.783029588764953587e+03
-2.435350447496481365e+02
-6.260718526226256699e+02
5.374111709489607165e+03
7.040226593617112485e+02
1.533668084080863707e+02
3.841768916955610393e+02
-7.291185701316911718e+02
2.559020448887740713e+03
8.126799458100917946e+02
4.831369068000349216e+03
3.614650870024613027e+02
-6.968712963437673658e+00
9.100285040935088546e+03
2.444610328467819272e+03
-6.753559742415441178e+02
1.891734259762768602e+02
1.658647678517815848e+03
2.106152802218538000e+03
9.376110727772925202e+02
-1.730977007432329629e+02
8.858970894254204040e+02
-3.382232467924014827e+02
9.007325648948427670e+02
-3.949947536077755785e+02
-3.805727495485315330e+02
-2.222019420852175813e+02
4.589370907074055140e+03
3.383196607413203196e+02
-5.534585917693854071e+02
2.246722416963361866e+02
1.498123402318078377e+02
2.144193055627071772e+03
-3.184659502330294458e+02
-4.418873078332529758e+02
4.236806743871833532e+03
1.814262905961077877e+03
1.916510369274722734e+03
3.107709508830510572e+02
-2.500289871139438347e+01
-5.386607076661822475e+02
2.723234238328698666e+03
-5.031367142774033141e+02
-5.089408803678834374e+02
-3.710912233449004134e+02
1.300698665668254534e+03
1.759023135478914355e+03
1.563577133429769674e+03
-2.384014838415409088e+02
1.159235628955177617e+03
5.526815733885796789e+01
2.077245464327138961e+03
2.974576987175514205e+03
1.575563647845655396e+03
2.798493980127197119e+03
4.239733157213506729e+02
-3.417278848281298451e+02
3.422367318516986643e+02
1.647891726858156858e+02
-6.859488724465390987e+02
1.341139114793504859e+03
2.074396222824936160e+02
1.986767188647021612e+03
1.367922034899043183e+03
-1.808559866824711548e+01
2.170390298037121283e+03
1.180421462215067550e+03
-3.155957935887385588e+02
6.200132491153281990e+03
1.807645186120507788e+02
5.049480704716783066e+02
-4.536326526557611487e+02
-3.805640675550727110e+02
-8.371958353961312014e+02
1.560088955380258767e+03
6.876116425341811009e+03
-1.635441998792553591e+02
4.579570348855369843e+02
2.829876472111166663e+02
2.639275720954632334e+02
6.739919425739107339e+01
1.954566182611135332e+02
4.265772531989355230e+02
7.485207441214945447e+02
1.777178339012928973e+03
-6.601840997703349103e+02
5.133991898934378696e+03
-2.027504941925756157e+02
8.344565854481168117e+02
2.761033822858473741e+02
6.943910870846471880e+03
2.109485926342215862e+03
5.255286715433195241e+03
-3.419813626190457398e+02
1.442605202094682681e+03
-9.313086047950213242e+01
2.788046353663721675e+02
1.182968513731079838e+03
-2.636279992240460501e+02
8.127844447845738614e+03
9.358626474633633734e+02
1.961132167145506855e+03
5.571858488861963451e+03
5.866601792600907856e+02
-5.065254834636089072e+02
-4.865195267164378379e+02
6.626267912070350576e+03
1.120392754919774632e+02
6.221713841982489868e+01
-8.308410414792311940e+02
-3.303237926744506012e+02
4.479103008578848062e+02
3.964903097619658183e+02
-4.647497519941110795e+02
7.352595812978748882e+02
1.946847376127306461e+03
4.512501770961982288e+02
4.973866114581667716e+03
1.757436117293829057e+03
-3.666510268225704863e+02
4.594710920384576980e+02
3.982310011371844212e+03
4.093667233681680386e+02
7.718406062007111359e+02
7.498137011906336738e+03
4.433863854151523810e+03
2.029631666919932286e+03
6.174215593744654143e+03
1.415761815391219670e+03
8.287640008128689715e+02
3.632517342877598594e+02
2.961656392290810800e+02
1.888052170529260366e+03
6.628122064801835904e+02
3.370525616246915433e+03
-2.544131671380081059e+02
7.539673263624216816e+03
-3.207827023881807804e+02
4.444924476994598990e+03
1.145434733784900345e+03
1.893009624333489228e+03
-8.176698475037699154e+02
-6.838525664286220263e+02
2.624041997147844540e+02
-2.608589488885363039e+02
4.819929963434635170e+02
-1.149776193418449282e+02
3.820470485027593895e+03
-4.495717361381578030e+02
1.444610487902040632e+03
-6.869390763608211046e+02
2.209817922699049632e+03
1.133506121384047219e+03
-1.738182277710996857e+02
3.615988944064283714e+03
2.533631478660116045e+03
-3.288205528751377642e+02
2.380472327181963010e+03
-5.021110649429606809e+01
4.247276223684050819e+03
2.164993392292592034e+03
1.567263259598559898e+03
9.178106849389003401e+03
-4.539632581517092262e+02
4.109403898469041110e+02
3.415462731991983674e+03
-6.280880884525111014e+02
-9.458178667877658654e+02
3.799555013482832692e+03
7.510237828841227383e+02
-4.737134196636345678e+02
1.883687593631372579e+02
-4.397020121543318965e+02
-9.925549869346859566e+01
2.176082183408712467e+02
1.172849203755276221e+03
2.252688136965070044e+03
4.699433191690119202e+03
-3.260328546369960918e+02
6.479738363187562754e+03
-1.927055795819727848e+02
7.110248369145387187e+03
-4.829139747385960959e+02
3.345768229090804198e+03
3.226069817670789689e+03
4.032542458774054467e+03
2.349228507975502112e+02
8.406306086479621342e+01
9.162441487785008576e+02
1.016704218976116067e+03
-9.403857651809811387e+02
-8.900799991320155868e+01
-6.049020769666051365e+02
1.180804590896803575e+03
3.071723737562388578e+03
5.608139659368873254e+03
4.173343232050917322e+03
-4.499742333691717704e+02
-2.808973506237794027e+02
2.831181911215041325e+01
7.548314490109702092e+03
-4.408345313907587979e+02
5.560901109294711659e+02
1.176008947746497824e+03
-2.278438490677754942e+02
-2.301927820531882958e+02
8.931334619969650248e+02
-5.436539983147613384e+02
7.127096974220004995e+03
-2.979291782951104892e+02
2.768946386290039072e+02
1.332217726252168632e+03
-1.599002155197959780e+02
5.298570401720264300e+01
-6.419150957841364971e+02
5.056248712488622914e+02
3.240266757156089170e+03
-6.169319021654899871e+01
8.510930195540060694e-01
-1.065515963698028656e+02
-3.228908365540090699e+02
3.517592811357695155e+03
9.922701552492979999e+02
5.643693030809193942e+02
-6.632440378795785136e+02
1.176751270239926271e+03
1.122417976678094647e+03
8.809884524182010068e+01
-4.392691240836834368e+02
-4.503416151464990662e+02
-1.876901606306654742e+02
7.593341810537031051e+02
6.329440718068729439e+03
5.500616475591135895e+03
4.277600667130470356e+03
6.914614909026604437e+02
2.130076045182559028e+03
6.218112740473683516e+03
3.568899085429527531e+02
2.141247973951122958e+02
3.376604982067492529e+02
1.706111571372451863e+02
3.472072569326657231e+03
5.803588972656375518e+03
5.530299662885079670e+03
2.231738786040461946e+03
9.422331487291921803e+02
5.103370541098354352e+02
6.848341691682402370e+02
5.058310265851489021e+03
-7.395381641957809506e+02
1.336873754864093371e+02
1.793752182568670605e+03
3.121638088398462969e+03
4.067759967961555049e+03
4.805958587748975333e+03
-2.472001486516536772e+02
-3.369247068505689526e+02
1.584022134955937872e+03
3.666563676574585884e+02
3.596527700038979219e+03
-6.945301902102636404e+02
7.842330709915111129e+02
5.660269793255468358e+03
4.730157870498112970e+03
1.775154092325175725e+03
1.361441549275988621e+02
-2.097884282216927545e+02
5.384056128268705834e+03
1.470434441823868497e+02
2.231888255558684762e+02
3.330107240137773260e+03
6.608923797089122445e+02
9.272130378195139201e+03
3.683344311042549180e+03
3.819307729373462280e+03
2.774310639723919394e+03
2.797291897754606907e+03
-3.143397514936938819e+02
5.483953667723399121e+03
1.095785069138662948e+03
-3.148386594468866519e+02
4.899699545654996655e+03
-2.796427264735667109e+02
-6.802265176586051894e+02
2.024115547002671178e+01
4.241315256798546216e+03
1.806206875062833205e+03
3.084971259493799153e+03
-1.251971725017953219e+02
-9.162664511235408327e+02
-4.125929876471912507e+02
-3.667513323310752185e+02
4.936222156021897717e+03
-3.459508991339199042e+02
1.067057019025099862e+02
-4.933332342831320148e+02
1.598168796677643968e+03
2.113364681670886966e+02
3.175254560226083413e+03
-9.450321537736357413e+02
5.546413644257536362e+03
2.124344005628096056e+03
-3.430325563619839500e+02
-2.192154498866287895e+02
3.372089710611396640e+03
2.872792917160079469e+03
1.076764664959011384e+02
3.281150659353548917e+02
9.821787218549621912e+02
2.095580303948947858e+02
-5.094032626285729179e+02
-9.760372228527985783e+01
5.720722404724874650e+02
-6.720098364797248678e+02
-1.134254348510520458e+02
-6.051637333141580939e+02
5.516027037903801101e+03
3.011992302595828619e+02
6.264298048941179786e+02
9.069159794298826682e+02
-3.209472999047122244e+02
3.153405342837351782e+03
4.901041355420331456e+03
4.682746119140461815e+03
-2.160788398238088348e+02
4.024568027685705601e+03
1.189568229948588623e+03
-5.944088292748069762e+02
3.354440679926248777e+03
6.237611741849202190e+03
7.223160428622826430e+02
4.157377922991640844e+02
-2.356242012081914368e+02
-4.047947601027942710e+02
2.095545147760525197e+03
2.993681083715235218e+03
1.837906873216762733e+03
4.000734442863271852e+03
7.388591268937086625e+02
5.224484709711226742e+02
1.344520101169390728e+03
-4.680086868796783506e+02
6.626620058184753361e+02
3.701509331342317182e+03
6.527984803752051448e+03
7.391143152820503019e+03
3.862347229144093944e+03
-9.636555452755294482e+02
1.737308476650582861e+03
2.907884555567370057e+02
3.003475221251441326e+03
-8.617054165736616369e+02
3.384355815109612990e+02
6.951090068001029749e+02
5.730643975861470608e+03
2.681285255380915714e+03
5.563068524002715094e+02
1.475689593096727549e+03
3.782287628121224316e+03
-2.295620956699251280e+01
4.095007463498682796e+02
-2.286491604036171736e+02
2.452784029641786958e+02
2.411563176023961205e+03
1.236941439528060755e+03
2.231270636810138967e+03
-5.734418850396882590e+02
-1.174021820491249031e+02
7.441840446985221433e+02
7.775724672409106461e+03
3.828394363163673688e+02
6.230121446530026333e+03
-3.544231124788770444e+02
-1.719610806374837750e+02
7.751533226489002118e+03
-3.218318997191862536e+02
-5.574104215395566371e+02
2.296745077247428526e+03
-2.110738400838274629e+02
-4.285559862898006145e+02
2.632040201712135058e+03
6.184872324966705719e+02
5.694693046740531827e+03
-2.819532835523208973e+02
2.458674070165605372e+03
5.358186928644990985e+03
7.331184112182725585e+03
-6.793588124214294339e+02
1.138829875918356265e+03
-6.982017806093148238e+02
-3.519583582264466060e+01
3.566055088997820349e+03
-4.464067108245798750e+02
-2.663377246005720167e+02
5.347997644227742597e+01
-1.803302334961446434e+02
-2.798061572288773391e+02
8.005258945902779715e+02
5.213864244421936746e+03
-1.040991424500896727e+02
-6.124349628254096842e+02
-1.274743521182229671e+02
-3.995972679363080147e+02
1.373393060077950622e+03
3.363979986275540455e+02
1.874886976089062273e+03
5.655501618493278329e+03
9.598830211781819344e+02
5.058445925304983462e+02
3.355667875200187495e+02
-1.800963378467858433e+02
-4.254519725977816051e+02
-5.612994331424495158e+02
5.265374915871127996e+03
9.947241584838893402e+01
-2.283158121328132779e+02
-4.670500511897797082e+02
3.197491539659305545e+03
-3.710682152153505058e+02
-3.843138955733928128e+02
2.242750268725506430e+03
7.240132593481134791e+02
1.567993350811990467e+03
3.276516329315392795e+03
2.309128826582211786e+03
1.152661321576194950e+03
1.475690965263715043e+03
9.757564526930300417e+02
-4.568636696090223381e+02
-7.548818486568560502e+02
1.597358385926323308e+03
6.454391627297857667e+03
-3.241646435038220488e+02
2.973146605343428291e+03
1.494292490275234968e+03
-3.817112804023026911e+02
4.551882026535932710e+03
6.113516965719642258e+02
7.832001379546056796e+02
5.745965795456593696e+03
5.481251974922500267e+03
-2.598884919649889298e+02
1.313715585576155263e+03
5.305057957635138337e+03
5.015879457250315681e+03
6.615681476870827282e+03
-3.719551626173625891e+02
2.934275119310476839e+03
7.894709960250523181e+03
-2.662490973204055535e+02
-2.640445504900891365e+02
-5.250233584413371091e+02
4.268526502845553296e+03
1.785563963566937673e+03
4.304717016980948756e+03
2.460501738862021739e+03
3.976791389641742171e+03
4.301684811926124894e+03
1.773960572787147612e+03
-5.926001514924790570e+01
5.317998794250721403e+03
3.680042394337126098e+03
1.540266191598706428e+03
5.677590632956601439e+03
1.740638369683500059e+03
-4.032475139202091441e+02
-5.060206502516575711e+01
3.946525035655063220e+03
4.869127669830609193e+02
-3.153096386837985392e+02
3.824396044649434430e+02
-2.943544512066462744e+02
5.498345752671328228e+03
-3.573241919118208330e+02
1.709080450650473040e+03
-6.085488622740994060e+02
-8.588144506015340767e+02
2.502142681369668935e+03
2.341612352958344218e+03
8.880334524406367564e+03
4.918247170977268979e+03
2.202187990585428906e+03
2.529063240515422422e+03
7.750895678056090219e+02
4.286770348574923446e+03
7.202975854546082246e+02
2.850608927300589585e+03
-3.853741297916016038e+02
-3.424433049006432839e+02
6.658747005213807824e+03
-5.249602060535262353e+02
-7.331891905631130157e+01
-5.247103323285625720e+02
1.104638447975508370e+03
4.017919039215617431e+03
4.312406525020037407e+03
5.785188326780525131e+03
-9.111914158951903175e+01
-3.068198356280969961e+02
-4.239878528617686584e+02
-2.132932888000310072e+02
3.055587067726530222e+03
-3.320540231947248913e+02
-3.511955847566172224e+02
-3.735912968838373445e+02
1.156685195827730467e+03
1.462268645540595571e+03
3.478540020798815931e+03
7.568155595995626754e+02
4.365127761220337561e+03
8.340355596392209918e+02
4.915630946773379947e+03
-3.429272209018888589e+02
3.003838509239975338e+03
4.360222800016178553e+03
1.781010923234985057e+02
3.535004762305864006e+03
1.956682032155426668e+03
-4.313416344479204554e+02
6.117108617997532605e+01
2.606337427737881285e+02
9.066989575126210184e+03
6.617242210550021809e+03
2.646575720595540915e+01
3.783914618814859296e+03
4.735458325460914466e+02
-2.906856690674272272e+02
4.370530059118432291e+02
2.690547476582497893e+03
6.726679183387168450e+03
3.301542268740350664e+03
-3.195511700771801884e+02
-3.399170837124374316e+02
1.399320501754284578e+03
-1.907049942871660164e+02
4.932309818597281037e+02
1.171002158998036975e+03
5.933926294521653517e+02
-4.578177843919224301e+02
6.171367526517682336e+02
-1.284856510065241935e+02
-7.118727751960859678e+02
-5.061331563160510996e+02
-2.737088493479800491e+02
-3.730619018701924006e+02
3.584786272047207603e+03
1.952128795122610825e+02
-2.877146103794776195e+02
3.344482863935544970e+02
1.463160033756289749e+03
6.675100621963525782e+01
7.772717639560631142e+03
9.325229425927025773e+01
-1.061914751919128008e+02
-1.565972306609843212e+00
1.949100164393293426e+03
7.379491250603089611e+03
-1.445954568248446890e+02
-3.044143881022243932e+02
4.085937662554181770e+03
-5.170576544231701064e+02
4.181177404319170819e+03
3.125561957095909893e+00
-3.546073940224399621e+02
-4.939370853531745524e+02
-6.589900689466716130e+02
-2.673925166838901646e+02
-4.947253369658405342e-01
5.473662968868098687e+03
5.750111319693183759e+03
-4.777514798887222582e+02
1.952269430826690041e+03
3.005420320161791551e+03
-5.620200635681349013e+02
1.811129171022514356e+03
-1.233068142716596896e+02
-1.077555825583324491e+02
-9.999551872757234605e+02
4.602578046754515206e+00
7.694618238815507993e+00
-5.664356353194507392e+02
-2.038972236924451806e+02
-6.853674887123568169e+02
2.835613581491735204e+03
6.456461288622218490e+03
6.623795770402683956e+03
2.571079740919245523e+03
6.907390280967561011e+03
1.440812005312236806e+03
7.512326098846519926e+02
6.861459368713600071e+00
2.928701449485696230e+03
-1.126564732112276346e+02
3.176401912951246231e+01
3.757608297256365404e+03
-9.981462820718982130e+02
5.424034755134236548e+03
2.384047009384293503e+01
-2.517643238488352040e+02
6.810937625226267301e+03
1.638605630726449363e+03
5.863942881196134294e+03
2.648220539067469872e+03
-3.351675096103457818e+00
-7.533193618153020452e+02
9.437152038127844378e+01
-4.505394227696438065e+02
5.189100058541999715e+03
2.998218473823286331e+03
1.090438710819119024e+03
-3.820630034437876361e+02
7.191119019791597111e+02
-5.098886722338115760e+02
8.158053705259242179e+02
-4.244623957915309234e+02
-4.410943890443553528e+02
-3.611285711449865516e+02
-5.901786049861891570e+02
-3.248600321422489969e+02
1.188905189733975249e+03
1.719112647755135640e+03
5.547721482499790909e+03
4.078414786800045022e+03
4.026204879791863277e+03
-3.615367769707306138e+02
4.003742356603187091e+03
-4.116571472310379818e+02
4.151669833395941168e+03
-2.235203501144035272e+02
4.682953955264580372e+02
2.420934005250658316e+01
7.523034276356758710e+03
5.799008507693943102e+02
-2.137695607852632804e+02
1.588914620488457956e+02
-4.486274650535507362e+02
6.425882912351583400e+03
5.653729952676554603e+03
4.492563841037449492e+03
-1.359892422285118698e+02
-2.816977526611757412e+02
-1.433460240025391670e+02
5.238298530474432482e+03
1.824151005829394762e+03
1.259342390292090741e+01
1.360252576411253642e+02
4.468457499746459689e+03
9.755566967047001526e+03
-4.560622929932250145e+02
-2.019242125778683032e+02
-1.948702869048256616e+02
4.010850856051404207e+03
-3.668620425346433080e+02
8.531740406525495928e+03
1.846715447390425197e+03
-2.333629859940335223e+02
1.662467542241791307e+03
5.997259737543519122e+02
-5.228897776607643664e+02
2.219435631436998051e+02
-6.638916709241362923e+01
-2.086461352586252644e+02
-3.503698883796403720e+02
6.391922478605769697e+01
5.006988606182985677e+03
2.213859720822773397e+03
-3.090708516993860258e+02
5.262763165821864277e+03
-2.495512916326283062e+02
-5.937388764347837196e+02
-1.497590045997749257e+02
8.319897620955380262e+03
5.266091712748957434e+03
5.897179516346405762e+03
2.972291192352008693e+03
-4.467141298868814943e+02
5.350877839046537474e+02
-3.275049844158119186e+02
-7.867874429767857691e+01
5.729363703049185688e+02
1.774370878550110717e+02
4.084750390566367514e+03
-3.312801472996819143e+02
-3.586135566716200174e+02
1.038372143685064111e+04
4.522243580085814756e+03
1.912189099546378941e+02
1.976823980273993584e+03
7.791033225360098413e+02
1.512023781771628364e+03
7.191693036116033682e+02
-1.958651520701220932e+02
6.117434337823576698e+02
-3.770753998357709520e+02
4.878228248350625336e+02
2.706886378641261217e+03
1.127725338026168856e+03
3.306474727239091749e+02
1.894860710328874575e+03
-2.374706466786826411e+02
-1.413744169812706559e+02
1.668486433046865258e+01
-3.679256165115545514e+02
-2.061604641456251557e+02
8.244557609575325330e+01
-4.117453599003992508e+02
5.017151492944450411e+02
2.978535766930296802e+01
-1.458262755683201704e+02
7.879884296480022385e+02
6.011992334602399751e+03
7.080742861742053719e+03
1.985108672961723641e+03
-3.327734864731566518e+02
5.000483597726678454e+03
1.461643859375365935e+02
-1.339974662961454328e+02
-6.051646406355868066e+02
-4.867160993582162405e+02
-6.286664838188273734e+02
2.731424195234608305e+03
-8.650037782329006575e+01
-3.591520921674616034e+02
-3.488478555043329834e+02
5.563106740881132282e+03
6.421820094037360604e+02
7.155477188730018497e+03
3.054584056108021173e+02
-3.782514168394433796e+02
3.116775918880241989e+03
1.282857423824769967e+02
3.764345797705527730e+03
-3.023324857336072000e+02
4.650000012199871890e+03
-5.529107850151928005e+02
1.885438204786394408e+03
1.116057454200330312e+03
-3.721993955067835600e+02
3.810805008136800097e+03
2.388883671798941123e+03
5.930619072720271106e+03
3.675480890320946401e+03
-9.774967089961931777e+01
3.852553065966438680e+03
2.801880695720122390e+02
7.770498882439061390e+02
7.394009353681365610e+03
-5.813879517359808915e+02
6.993589396816479166e+03
3.226981801269056632e+03
-4.558880904808962669e+02
9.307063935824248802e+02
-4.210990853764636199e+02
9.931791870090461089e+03
-3.051317432302885777e+02
1.270792610826384589e+04
2.951525668983025525e+02
4.491166025034332051e+03
-3.425646216602179948e+02
3.425030397983595776e+03
-2.375267654028382367e+02
-1.993242273888758689e+02
6.672741514434029568e+02
-2.547476406934921727e+02
-4.187878056772840409e+02
-3.467632743901813228e+02
7.954219577724058581e+03
2.038183996438880968e+03
-3.906785632636230048e+02
-7.660884122898924034e+02
6.467514308153261481e+03
-5.017327187485826698e+02
7.399365954371100088e+03
1.658911140218349601e+03
1.906535252274427705e+02
5.704635524036380957e+03
4.361881313634269645e+03
-7.661163081663048615e+02
2.001341114109750833e+03
1.328325896937442678e+02
5.856718193188924488e+03
8.770234574725136554e+03
1.098145107233840008e+03
-4.094917414004547709e+02
6.698245083416728448e+03
1.063850584660606415e+02
7.595658093552791570e+02
1.280125605688044061e+03
8.793097533853031564e+03
-2.791920868482546894e+02
6.019181512227060921e+03
9.665228901462473004e+03
-7.213876648617360843e+02
-2.881377564783490897e+01
5.100832706396991512e+02
8.633494090965374198e+03
5.321009368881805131e+03
-4.766599750845458061e+02
-3.256335066768671140e+02
2.252808803264789276e+03
6.684380025566185395e+03
2.540672044803829976e+03
1.700585632463746322e+02
8.193777728312305044e+03
-3.468316835806041922e+02
-3.563272258056860551e+02
-2.425180748438809815e+02
-4.712018392191212115e+02
-5.234272152518531129e+02
8.205444894863491072e+02
5.024981046952187171e+03
5.427530229931694521e+02
8.765725830977653459e+03
9.708703520363327698e+03
8.794300419178828179e+02
1.271758934392297249e+02
-1.146836960648483910e+02
4.696004589691547153e+03
-1.112415542801967831e+03
3.435591570455233978e+03
6.677839619399302137e+03
2.670292031231259898e+03
7.984355762604154734e+03
1.093473668861354054e+04
1.932874147382054844e+02
7.189402877664117113e+03
1.168373867468639673e+03
1.542380092922300355e+04
-6.640240762514418975e+02
1.706403553536704365e+01
3.625028557461675973e+02
-2.192652499581260201e+02
8.986060912266129890e+03
7.806148639998622230e+02
-1.321131602125381050e+02
1.560404190222402758e+04
9.150174839996174342e+03
7.932308933633938068e+03
1.915723557632977099e+04
7.618823810345315906e+02
6.639797819364222960e+03
-2.381070275321691838e+02
5.967598690950133459e+03
4.661172753612046904e+02
4.142114207955688471e+03
7.462102689292420109e+03
6.499698846689367201e+03
1.418112973632226385e+03
-4.815207213514608497e+02
3.303332528192812561e+02
3.275053719992319657e+03
9.164121469463605536e+03
4.412575393583436380e+03
4.861868968532866347e+03
3.533378375813526873e+03
2.731335398188477029e+03
5.197645991571424702e+02
-2.975933946907443897e+02
4.613571518295110764e+03
3.378692648741597168e+03
6.719781404896268668e+02
5.931531960751432962e+03
-7.394799196934567362e+02
-3.165405631006350404e+02
1.316810772785499466e+04
1.345898838287122089e+03
-5.391611578449520721e+02
1.112790635351718265e+03
-2.691016425415951971e+02
-2.316975077020375977e+02
9.403594050806654195e+03
6.968238929436651233e+03
8.652290299366990439e+03
1.537073318480496346e+04
-3.975034616477230429e+02
3.874614579803577271e+03
-2.969004560194816804e+02
5.858140239194026435e+03
-7.805902930624071701e+01
3.043618890011750409e+03
-3.325351838250638252e+02
7.698809976688389156e+01
7.956603361900532036e+03
-6.625477887031911450e+02
3.405249792192774748e+03
-3.364671483164370898e+02
2.133196334994028348e+03
1.310305199088793779e+04
2.118050786249919497e+02
2.383936180882012650e+03
1.344321412228046756e+04
7.384940696132685844e+03
9.010036263493933802e+03
8.188327380535585689e+03
9.736189350280923463e+03
-5.196318036238534432e+02
5.860900182301673340e+03
4.916506842325647085e+03
2.683131177501278216e+03
6.060230417349400341e+03
-4.594764625399303668e+02
3.175506717028134517e+03
1.003637193152965847e+04
-5.426683315456984928e+02
5.705910015560787542e+03
2.172511083833276189e+03
4.077697813863105125e+01
-3.726495283804867995e+02
5.060562836148258612e+03
2.938248549968164298e+03
1.512807834451789404e+03
1.622880436424354957e+04
5.811784122137570193e+03
4.068325088344691267e+03
3.209213730480237246e+03
1.250328427766734194e+03
5.642831873949132387e+03
1.906068985417092847e+02
4.063254256649486706e+03
-6.658897574508603157e+02
1.944003719302540503e+03
6.892587189733179912e+03
7.465183036288756739e+03
3.559047176074724121e+03
6.005680515266847578e+03
1.575471863703138479e+04
-2.870171771492199468e+02
3.432970066903406405e+03
1.423141848675490110e+04
1.021072209615827342e+04
3.521371338005993948e+03
3.831383965238297606e+03
-6.021515437441487393e+02
-5.775703906334355509e+01
-3.367416650829694049e+02
-1.005046773681064423e+02
9.302715316773716040e+03
-6.973392333426713208e+01
1.904426044019144319e+04
-5.619907434331354352e+02
1.085636343695748138e+02
-2.250872055539716854e+01
1.268675958744302534e+03
6.789406657813297898e+03
2.482148316363658864e+02
2.151996746582121318e+02
1.379328683749854008e+03
8.998877232200415165e+03
1.138403982132005922e+03
-3.797810551922156606e+02
8.357373292153411967e+03
8.132400488863885585e+03
1.623215688751491598e+03
-3.470895836434340822e+02
3.647958228925278945e+03
-1.468511213907063251e+01
1.213244764873928716e+03
-1.637620580581400986e+02
9.162001475875393226e+03
5.680178826695238058e+03
-2.560451737607164659e+02
1.338364563656701284e+04
1.774519417281105120e+02
4.816855952893357440e+00
-8.384938568442781843e+02
-6.496332352368508509e+02
1.996074411072725707e+04
2.319963814310037378e+03
3.392988356591358752e+02
5.280169139338267996e+03
4.079107569108809457e+03
4.684617920077423150e+03
-5.141011154039016446e+02
7.526935782870162257e+03
1.394828747339736765e+03
1.512253560616240429e+04
1.747973878492799486e+04
-2.086385598493243378e+02
1.171201986450126060e+04
1.116264830113139215e+04
2.415422516913816253e+03
-4.672436410342493218e+01
5.728498719162152156e+03
4.194730016025261648e+03
1.927793148878324473e+03
-4.465735374587314368e+02
1.139424222667797949e+03
2.312890645414540245e+02
2.212876959093792266e+03
9.824460201864068949e+03
9.495992077168948526e+03
-3.442587850315476317e+02
-1.963323836180791204e+02
1.013425088223958119e+04
1.199697440057089625e+04
1.761248714840647153e+04
2.874667720863942122e+03
2.108010875215800752e+03
5.318486531035568987e+03
4.609432951285447416e+03
9.930620186250078405e+03
-6.301303611152679878e+02
-8.130053778037837731e+01
8.288412419140915517e+03
6.693454559898745174e+03
7.495733140309830560e+03
2.816961506179969547e+03
1.081580155647119909e+03
-2.064790262690974885e+02
4.608387946408914104e+03
3.459987586887055386e+03
2.140223127246593322e+03
1.200083486979507870e+04
-1.163260876490446435e+03
-5.201193757697163846e+02
2.214129968012225163e+03
7.291199510915910651e+03
5.203876403642752848e+03
-3.719541969711388560e+02
1.376710673111620599e+04
8.931977688450469941e+03
7.503788167840299650e+01
1.408808001756679550e+04
8.672956082070739285e+03
6.868633767542069108e+03
2.882457829220794338e+03
-3.886701301909067752e+02
8.485870234513113246e+03
4.656066582069021024e+03
3.767799162187119236e+03
4.156764964841280744e+03
7.619147630542342995e+02
1.648517124190558752e+04
-3.534218950213656285e+02
3.091232586048629855e+03
3.358015520985351486e+03
-8.038014242743248587e+02
1.001119146821339018e+04
8.999742103901160590e+03
-4.695672882358634297e+02
6.886748188921112160e+03
9.144034981990345841e+03
-1.963618810192212720e+02
2.212534045062706411e+02
3.051373186415151849e+03
1.374134462802735470e+04
1.073481043485144619e+04
6.487026091797543813e+03
2.664496116016334781e+03
2.937275012447575136e+03
8.507883934510888139e+03
5.928523247522282873e+03
8.985579202339844414e+03
1.335488902575608154e+04
5.513437204787202063e+03
3.705447872392870522e+03
8.709528431877652110e+03
5.639722438808564220e+03
1.630696154126161673e+03
-6.285965908845406602e+02
9.808379296366014387e+03
7.350884012079843160e+03
1.565600969434149192e+04
6.023377914957863140e+03
8.273371732640717937e+02
9.047039841077716119e+03
3.520287072417610034e+03
-9.621703859834676109e+01
5.315044691952378344e+03
8.020000395551263864e+03
1.536254372228406828e+04
4.683966523473756070e+02
5.957063551019861734e+03
4.072877241988655328e+02
9.022559534050538787e+03
3.149724927225853207e+03
8.076985173408404080e+03
7.051909527241339674e+03
1.148862047946630446e+04
4.973865402199943674e+03
1.063637421307297336e+04
9.886665776219690088e+03
3.089035916230448493e+03
9.870468095038997490e+03
4.931313778587641536e+03
2.696471421086775536e+03
1.234596445113883055e+04
7.704991510202990867e+03
4.781383106136847232e+02
8.470070334894824100e+02
6.816396370728763941e+03
2.890665098002662603e+02
2.205832778457160657e+03
1.390306106013255885e+04
8.593372532418057745e+03
9.633035052865156104e+03
1.162500150442103768e+04
1.212782694523919190e+03
-7.290586478367267773e+02
5.841589948737733721e+03
3.811194830600846217e+03
1.007450859609419786e+04
4.403429379136985517e+03
8.700590894298957210e+02
2.640808754303789556e+03
1.032994685045991355e+04
7.923497699075658602e+03
-6.508140666573684712e+02
5.058396044705365057e+03
2.959236533622900879e+03
7.835165396744859208e+03
2.616483656472101302e+03
2.850637481065359225e+03
-1.075428130373291879e+03
1.281889490716742330e+04
1.001719170080371987e+04
1.628658028548087532e+04
1.100127342604797559e+04
9.465636138057647258e+03
2.053715942385072594e+03
4.009154507365133213e+03
1.005362162477093989e+04
3.943559816662631874e+03
3.023479107552362620e+03
1.410168036763860982e+04
5.477632178849285992e+03
1.924722608898402905e+04
2.699160233199724189e+03
1.353514935251136558e+04
3.062749499746314541e+03
7.816785400857475906e+03
6.148787230470175928e+03
1.392048778833159304e+03
1.106686127506520961e+03
7.075099038503482006e+03
5.531971200993834827e+03
1.022057230751240240e+04
6.201574811853897700e+03
7.213122354581083755e+02
6.821602721099657174e+03
1.244276783404797970e+04
1.689187098613141643e+03
7.846623616101758671e+03
6.671628014546697159e+03
4.740356914446522751e+03
1.473291884404627308e+04
1.132275754176653027e+04
3.495849571967726206e+02
5.627971403815696249e+03
8.278794642458464295e+03
8.848808668233772551e+03
4.020670279991530606e+03
7.112301265131221044e+03
1.119460798213041471e+03
9.372640104005316971e+03
1.750159918023912905e+04
-3.911236782453052001e+02
-9.426271387377786368e+02
1.514128016566706037e+03
7.813682034419150114e+03
8.295286633995925513e+03
7.150111007260938095e+03
5.564910522449728887e+03
4.265324781036360037e+03
8.602821708493160259e+03
1.104904664276409312e+04
3.897373512539657895e+03
8.816848413197623813e+03
1.012101026045726940e+04
5.977634438645431146e+03
5.567890555111725007e+03
1.283006421534845140e+04
3.594584057262271472e+03
4.723352119002795916e+03
6.008169475095261987e+03
8.788174749013143810e+03
3.271059842400053640e+03
9.469881495232662928e+03
3.544526602196484419e+03
6.455750606540918852e+03
5.154552391133693163e+03
8.125936072018398590e+03
8.830012761529646014e+03
7.553131022708707860e+03
1.226222171598773230e+03
5.519116724612664257e+03
6.707237023588049851e+03
1.265310188966185251e+03
1.145042841332831358e+03
9.923141037530913309e+03
5.070584853970080076e+03
1.154944474492855989e+03
-3.161835100786531711e+02
1.645132220509530498e+03
1.033843553028876886e+04
7.565663465607482976e+03
6.714608071396964078e+03
5.660431036538921035e+03
3.020489451325575374e+03
7.946600514549071704e+03
8.664251824022450819e+03
1.015727086213819530e+04
7.608499079305852320e+03
1.027316054097196684e+04
1.142827310806612695e+04
1.071064735275452949e+04
9.527029999959753695e+03
1.357927444525387727e+04
5.142387172478624962e+03
5.377578422043458886e+03
8.007003895709842254e+03
8.790029223275438198e+03
9.314268659738991119e+03
2.481141954155104486e+03
-3.549525451046382614e+02
6.626517516152593998e+03
1.241769004916099584e+04
4.722848943864943067e+03
9.284736873960668163e+03
4.180220336464908542e+03
8.926371675007887461e+03
7.777451408594853092e+03
6.050177242227670831e+03
1.211348981784426906e+04
-5.797355256389698752e+02
8.262291534762338415e+03
1.755707516291683305e+03
1.064909229789488199e+04
1.014283341621309773e+04
3.191030454439068762e+03
5.399756073637307054e+03
3.049274896726769839e+03
5.771462790660683822e+03
2.232535713434601348e+03
2.860582413890315365e+03
2.117677208268443792e+03
1.154823154495212111e+04
8.989405515470696628e+03
-7.558647923597299041e+02
8.418386245428258917e+03
6.809476689016741147e+03
-1.119582373629503081e+03
3.390910020582681227e+03
3.933160597307149601e+03
1.472423348722081028e+04
1.288517639366006051e+03
1.130712779939657594e+04
2.337666446328414622e+03
6.758839252427917017e+03
6.659424012026480341e+03
4.739275054212659597e+03
4.404276063338561471e+03
2.303601255430420224e+03
2.174253007822299423e+03
1.866372681406537140e+03
7.578061823192516385e+03
5.535641495256574672e+03
7.777276253988618009e+03
7.730300691628688583e+03
8.131968648287736869e+03
8.503954083957343755e+03
2.768458580759738197e+03
8.695245490606672320e+03
5.691017305975836280e+03
2.561864658257963129e+03
7.298865373306774018e+03
6.980763105803025610e+03
1.010280257722257920e+04
1.160639082256671099e+04
9.792488710986741353e+03
3.472509270940970055e+03
4.493424644633899334e+03
1.492971327748457043e+04
1.015906344079334849e+04
4.638227741726407658e+03
7.007581316349267581e+03
1.139588515473615735e+04
-7.040662843631739634e+02
8.775430817631660830e+03
2.523681318046275919e+03
6.428693723444410352e+03
7.133370930328089344e+03
3.913772758989504837e+03
1.474105456280992939e+03
7.916249017058869867e+03
2.582455194151771593e+03
1.264524011932009853e+04
1.125265608527644332e+02
5.148684592365364551e+03
1.539470614107021174e+04
1.152011548568957005e+04
1.310152083631567621e+04
4.514268885752180722e+03
-9.093831738763735757e+02
-4.817364388835450200e+02
5.258736309890286066e+03
5.607084204215816499e+03
1.197576495313240594e+04
4.018232169027524833e+03
5.952051230198845587e+03
7.615983066903427243e+03
-5.922853216724674894e+02
9.066691394347730238e+03
1.147824562524379144e+04
1.018441436728755616e+04
7.527984414064530029e+03
7.911775122744478722e+03
8.069243056128337230e+03
-1.770166522599571408e+02
2.705540176329244332e+03
1.874031538191555001e+03
8.740448597981672719e+03
5.260550985854194550e+03
3.825660827125265769e+03
5.252940568197861921e+02
-5.959033895755563890e+02
1.100114600476314445e+04
2.140807030717553971e+03
8.973521374223126259e+03
3.801438165386588025e+03
3.993355435185774240e+03
7.526833794658714396e+03
3.880505662174287863e+03
1.099056430988971806e+04
2.214229584960105967e+03
9.988638486508698406e+03
1.099496412246793443e+04
3.739008710166811397e+03
9.331623871367550237e+03
5.467065575661040384e+03
1.391300909655182977e+03
1.147803470747775464e+04
2.936086543043858910e+03
5.283927464327156258e+02
7.675652512690317963e+03
3.519257472507330476e+03
5.108247174845835616e+03
7.355140855168281632e+03
1.245356053468169375e+04
8.305844097722329025e+03
1.017929806252925664e+04
2.108645636122224460e+03
3.008703858141223918e+03
1.283430269134634472e+01
7.118157979508321660e+03
2.791171933818769958e+03
9.398277206731943807e+03
3.468087697602305070e+03
1.214929589709984248e+04
1.209302506593093131e+04
7.154425492175493673e+03
9.288953395846634521e+03
1.560651136433239299e+04
1.295458553883806599e+04
8.059391444468476038e+03
-5.302122917595845593e+02
1.712257243428247193e+03
1.867796038924161985e+04
9.634401143131906792e+03
1.900110700973555504e+04
1.180961736583657694e+04
1.495387976569438433e+04
3.254075218451927412e+03
1.142020707120189763e+04
1.075292073321997304e+04
6.819926051071875008e+03
8.880617532253949321e+03
2.901584854234000886e+03
2.827060724890002348e+03
1.146095623930170404e+04
9.764463197991093693e+03
5.659477188960737294e+03
-1.768839665593373184e+03
8.731837694754836775e+03
1.190607149857714467e+04
8.320142069472318326e+03
6.526566307062116721e+03
9.045270910508483212e+03
9.314489224175787967e+03
5.568902616378197308e+03
1.204603160552110603e+04
1.187036114247342266e+04
3.224701610807740622e+02
8.620807336976420629e+03
6.585123294245740908e+03
7.674856573568479689e+03
2.393444558937056286e+02
5.291536343889774798e+03
6.936739857971715537e+03
6.051704697983877850e+03
5.116489242937696872e+03
1.110532858355449935e+04
4.912292762064295857e+03
3.927466703288559529e+03
5.577260139957734282e+03
3.185179712503313112e+03
1.301838732447501570e+04
3.211329534127747138e+03
1.382951667705688305e+04
1.780383866658985426e+04
6.614490497906318524e+03
1.187321742991200153e+04
7.856844722303558228e+02
6.391006688226689221e+03
4.013397960241516557e+03
8.820264661208560938e+03
9.034001568227156895e+03
8.162091513076875344e+03
7.225912630597405951e+03
1.007551228560746858e+04
9.648035806391719234e+03
6.010685876028852363e+03
1.778275720062627670e+03
6.721951070290841926e+03
9.548934733865011367e+03
-4.634801684435233682e+01
1.152110915040938198e+04
2.165959504457292496e+03
9.796207217080062037e+03
2.308000475899759476e+04
3.142432510410596933e+03
8.939774429317076283e+03
2.591180906479630266e+03
1.153144493839163988e+04
3.624409479708184790e+03
7.093779782854280711e+03
8.032159566164800708e+03
3.115379854114938098e+03
1.063245117177449629e+03
6.178940425241730736e+03
2.758318514567336479e+03
1.318733924019247206e+04
5.812149471015208292e+03
9.534593317255945294e+03
1.786045975824174548e+03
3.877446692510427965e+03
5.484803310502002205e+03
6.588744848454552084e+03
1.031701673155768549e+04
1.608590370372918005e+04
4.726189906728244523e+02
1.247325455007592973e+04
1.017168416354638430e+04
1.247281007991837396e+04
7.391066083954672195e+02
4.721620492919582830e+03
1.574692890528569114e+04
1.145755387305150361e+04
1.076605051926254419e+04
1.535207034978751471e+04
9.909751473025455198e+03
1.225320902723899053e+04
8.097800382405505843e+03
5.023721069935679225e+03
3.393113165948670371e+02
1.051147595891693163e+04
5.175260786318687678e+03
-2.561000023830234795e+02
1.654973951479389871e+04
7.336091186777105577e+03
2.162626973763767819e+04
1.635114857014152676e+03
5.980944796676921214e+03
5.573900640159951763e+03
4.668625488685882374e+03
5.229258502633450917e+03
5.916601018856552400e+03
5.449109595511105908e+03
-1.018911180688498348e+03
4.623144473002387713e+03
5.533943931052814150e+03
5.924186694476298726e+03
7.727309242419971270e+03
5.378579670094390167e+03
1.222400225782760936e+04
3.449224241700239872e+03
9.212607681283721831e+03
1.382809958781997921e+04
8.226187702300651381e+02
2.900534670238345825e+03
9.668055342380313277e+01
4.203603107911333609e+03
4.541938430532757593e+03
8.571312758899974142e+03
7.298765421583600073e+03
4.508752034634766460e+03
1.690563874521329490e+04
8.757889499329219689e+03
8.067378599152598326e+03
6.531135850288193978e+03
4.310951926220005589e+03
1.674872694791937192e+03
-4.833512648579668962e+02
7.950769905615773496e+03
2.323170671429290815e+04
1.278002194800082725e+04
2.979691117321120601e+03
8.448660456710424114e+03
5.945435794650023126e+03
6.481689848558380618e+03
1.239560448272261056e+04
9.028903482131034252e+03
1.197277492425631681e+04
1.409246612986616492e+04
9.611058787304211364e+03
6.439007635247885446e+03
1.244159671349300334e+04
3.966099225671502154e+03
4.805098166115488311e+03
8.450021753812045063e+03
1.910808046628081865e+04
1.953339796984747591e+04
1.572136081040665886e+04
9.200144592222262872e+03
1.415846283914536070e+04
1.373799074490509156e+04
9.047415516970533645e+03
4.154100168695424145e+03
5.301359383024874660e+03
5.145650014833203386e+03
1.864945930589677664e+04
3.403114299571861011e+03
1.108673979845293979e+04
1.105029226142757943e+04
2.822080414521185048e+03
1.059124936299598448e+04
8.282254830794270674e+03
8.125586240615668885e+02
8.993513964736781418e+03
2.363507247654003550e+03
1.120073993932962821e+03
4.022545680275963150e+03
1.370986242495702027e+04
1.126937889974528298e+04
1.330186537016933289e+04
5.611332734849624103e+03
2.017421466870520817e+03
2.201032889063978655e+04
1.096749182311747791e+04
1.364240094033210880e+04
1.254398516113757796e+04
8.558141145413459526e+03
1.060814271461751196e+04
1.201536488850076967e+04
8.237744141920295078e+03
1.416434246834085752e+04
2.024941821982498141e+03
7.751270804718109503e+03
9.942738448537258591e+03
9.330709821968650431e+03
1.289676679297905503e+04
7.552648800164738532e+03
9.185789179568175314e+03
6.661905021718217768e+02
1.032600048416191385e+04
1.318727132523825458e+04
1.230929419099005463e+04
6.129451794703171799e+03
4.353351658170905466e+03
7.470301517981918551e+03
1.105846113296910880e+04
5.167803079401020113e+03
4.455901564724340460e+03
5.498996561884096081e+03
6.765471101736417950e+03
1.094861837277402265e+04
1.052516588355284512e+04
-1.887128266936434784e+02
7.353271443934912895e+03
1.466322262140810381e+04
1.761124897144917850e+04
1.904272417056347695e+04
1.735960908737287536e+04
1.516967657461372983e+04
5.917353340146800292e+03
1.387083004025961600e+04
1.924272298226793964e+03
8.149981262039515059e+03
4.840690337904299668e+03
7.192818206399012524e+03
1.670408659809795427e+04
1.384083984692952436e+04
1.424490977914935138e+04
8.582598424166309997e+03
1.336922609554306473e+04
1.565902622682657420e+04
9.098119053840769993e+03
4.835467344112246792e+03
6.737322421960104293e+03
2.088080114319333461e+03
1.049525084916659034e+04
2.499617148253501000e+04
1.431255452746123592e+04
5.433069105589303035e+03
1.186446395871622371e+04
1.088244542286767683e+04
2.331877525854180203e+04
2.300787072292167795e+04
1.426578784561079738e+04
3.246941285160418374e+03
5.861761050364568291e+03
1.209318218015078310e+04
8.968924950175154663e+03
7.334295156289295846e+03
5.975896246325666652e+03
1.843829637029557489e+04
1.321803050959960274e+04
-6.274964437434944102e+02
6.321242913281593246e+03
6.676935183535474607e+03
1.222475094070976593e+04
1.047191576210191306e+04
3.005492956719576796e+03
2.118058512047327895e+04
8.878765843233935811e+03
8.265866652488510226e+03
9.499591049093756737e+03
5.610879671849040278e+03
2.329145924646435014e+04
6.138077691161985967e+03
1.131892796335954245e+03
2.366765159312545165e+03
1.870010708216527928e+04
1.675395834108567942e+04
5.421966223557568810e+03
1.563187381493050452e+04
9.470385950266851069e+03
1.526634428614007629e+04
1.644563774468277552e+04
1.013085808307196385e+04
1.230865543767207964e+04
1.170668315530585096e+04
5.998767092340583986e+03
1.083005418654704954e+04
1.324815079267553119e+04
4.031232503252782863e+03
1.116767899100775867e+04
1.857336974237051982e+04
1.936511758925209142e+04
1.129810227732073145e+04
2.995257405406987891e+04
1.882603890385823615e+04
7.137617350787521900e+03
5.304726610484657613e+03
1.541735001776147510e+04
1.524854760842657925e+04
8.976776011211011792e+03
2.348163689338804033e+03
1.850203480365985888e+04
1.195571688905005794e+04
1.749276084441706553e+04
6.139180154173405754e+03
7.305503299259090454e+03
2.341504328237604568e+04
1.222226928424936159e+04
1.878940327007859014e+04
1.323625643043993296e+04
2.346600689458570741e+03
1.059259987895242739e+04
1.371868966675733100e+04
1.156082457473933027e+04
5.845963057773659784e+03
1.219445464714376249e+04
9.752032625711150104e+03
6.480757227170294755e+03
5.642546802358998320e+03
1.835832263300889099e+04
4.884387151303895735e+03
-2.166893355538856554e+02
-2.450851119375359417e+02
2.154317330182976002e+04
8.094393225367349260e+03
1.279976786287482537e+04
9.763764502544298011e+03
1.924737551732594147e+04
7.531264753647940779e+03
8.800335869894186544e+03
1.587255116877728142e+04
1.464841991573940504e+04
1.065959787349772523e+04
7.144048225361632831e+03
1.313630307061468557e+04
2.493398577029426087e+04
1.118823340358904898e+04
4.557330771835810083e+03
8.128907112840276568e+03
1.623923903041606172e+04
2.138495176663246821e+04
